# CHIME Latency Histogram - Read
# Bucket size: 500 ns
# Total samples: 21000000
# Format: latency_ns	count
500	2
1000	89
1500	114
2000	146
2500	207
3000	228
3500	1090
4000	11514
4500	80939
5000	299024
5500	796206
6000	1458226
6500	1969564
7000	2200203
7500	2089599
8000	1876295
8500	1611181
9000	1324181
9500	1116490
10000	901199
10500	731617
11000	599520
11500	474155
12000	389852
12500	311846
13000	249917
13500	206025
14000	163493
14500	135149
15000	111631
15500	90617
16000	78300
16500	65711
17000	57243
17500	50425
18000	44272
18500	40843
19000	37408
19500	34497
20000	33657
20500	31224
21000	30618
21500	29672
22000	28245
22500	28711
23000	27601
23500	27265
24000	27588
24500	26432
25000	27015
25500	26090
26000	26029
26500	26206
27000	25608
27500	25712
28000	25862
28500	24955
29000	25668
29500	24589
30000	24683
30500	24711
31000	23820
31500	24262
32000	23154
32500	22746
33000	23134
33500	21984
34000	22017
34500	21402
35000	20644
35500	20911
36000	19308
36500	19302
37000	18888
37500	18108
38000	18009
38500	16983
39000	16276
39500	16207
40000	15187
40500	14782
41000	14021
41500	13466
42000	12853
42500	12276
43000	11856
43500	11143
44000	10211
44500	9882
45000	9027
45500	8699
46000	8366
46500	7332
47000	7185
47500	6381
48000	6088
48500	5832
49000	5138
49500	4986
50000	4541
50500	4180
51000	3958
51500	3506
52000	3402
52500	3185
53000	2924
53500	2708
54000	2424
54500	2385
55000	2297
55500	2071
56000	1984
56500	1850
57000	1687
57500	1678
58000	1613
58500	1576
59000	1505
59500	1400
60000	1336
60500	1248
61000	1322
61500	1314
62000	1162
62500	1165
63000	1215
63500	1196
64000	1114
64500	1068
65000	1082
65500	1056
66000	1029
66500	1018
67000	992
67500	982
68000	935
68500	933
69000	929
69500	877
70000	838
70500	841
71000	874
71500	829
72000	810
72500	762
73000	812
73500	828
74000	795
74500	752
75000	732
75500	749
76000	706
76500	735
77000	767
77500	734
78000	739
78500	689
79000	694
79500	699
80000	708
80500	725
81000	677
81500	671
82000	688
82500	639
83000	649
83500	685
84000	668
84500	677
85000	628
85500	624
86000	663
86500	645
87000	651
87500	620
88000	648
88500	677
89000	648
89500	646
90000	642
90500	621
91000	635
91500	615
92000	632
92500	670
93000	642
93500	688
94000	688
94500	649
95000	697
95500	641
96000	639
96500	660
97000	661
97500	676
98000	675
98500	670
99000	719
99500	696
100000	690
100500	712
101000	713
101500	756
102000	700
102500	713
103000	700
103500	709
104000	729
104500	757
105000	721
105500	727
106000	724
106500	733
107000	736
107500	739
108000	760
108500	734
109000	772
109500	722
110000	768
110500	778
111000	753
111500	801
112000	738
112500	808
113000	823
113500	762
114000	768
114500	753
115000	794
115500	761
116000	779
116500	761
117000	780
117500	784
118000	808
118500	758
119000	802
119500	828
120000	766
120500	815
121000	797
121500	770
122000	809
122500	751
123000	785
123500	752
124000	782
124500	802
125000	828
125500	749
126000	841
126500	842
127000	806
127500	835
128000	756
128500	748
129000	781
129500	764
130000	729
130500	759
131000	801
131500	802
132000	764
132500	730
133000	704
133500	736
134000	757
134500	768
135000	748
135500	691
136000	756
136500	731
137000	719
137500	728
138000	691
138500	711
139000	727
139500	691
140000	726
140500	735
141000	655
141500	700
142000	707
142500	702
143000	728
143500	670
144000	685
144500	693
145000	615
145500	665
146000	687
146500	676
147000	655
147500	643
148000	646
148500	669
149000	604
149500	599
150000	622
150500	662
151000	655
151500	568
152000	624
152500	555
153000	587
153500	586
154000	562
154500	573
155000	582
155500	569
156000	554
156500	567
157000	567
157500	504
158000	521
158500	594
159000	524
159500	569
160000	536
160500	562
161000	516
161500	489
162000	528
162500	466
163000	468
163500	465
164000	510
164500	463
165000	503
165500	471
166000	443
166500	438
167000	397
167500	448
168000	376
168500	430
169000	386
169500	383
170000	388
170500	417
171000	417
171500	401
172000	382
172500	370
173000	404
173500	366
174000	362
174500	358
175000	357
175500	360
176000	348
176500	358
177000	321
177500	320
178000	310
178500	342
179000	321
179500	324
180000	298
180500	307
181000	277
181500	302
182000	298
182500	268
183000	284
183500	264
184000	265
184500	248
185000	247
185500	265
186000	263
186500	241
187000	227
187500	235
188000	198
188500	235
189000	201
189500	243
190000	216
190500	218
191000	208
191500	187
192000	215
192500	198
193000	191
193500	169
194000	173
194500	172
195000	202
195500	159
196000	154
196500	190
197000	165
197500	155
198000	143
198500	147
199000	163
199500	142
200000	143
200500	119
201000	117
201500	134
202000	121
202500	129
203000	123
203500	105
204000	128
204500	122
205000	104
205500	96
206000	122
206500	93
207000	108
207500	109
208000	90
208500	109
209000	92
209500	100
210000	88
210500	76
211000	77
211500	79
212000	77
212500	69
213000	81
213500	61
214000	71
214500	62
215000	69
215500	57
216000	65
216500	62
217000	48
217500	53
218000	54
218500	58
219000	46
219500	60
220000	56
220500	49
221000	58
221500	52
222000	48
222500	37
223000	50
223500	39
224000	43
224500	38
225000	35
225500	34
226000	37
226500	30
227000	35
227500	35
228000	33
228500	32
229000	38
229500	28
230000	29
230500	28
231000	31
231500	25
232000	22
232500	23
233000	25
233500	25
234000	20
234500	18
235000	18
235500	22
236000	22
236500	21
237000	18
237500	23
238000	22
238500	12
239000	18
239500	32
240000	20
240500	9
241000	12
241500	12
242000	15
242500	5
243000	18
243500	16
244000	10
244500	12
245000	23
245500	9
246000	12
246500	11
247000	11
247500	13
248000	8
248500	9
249000	8
249500	10
250000	12
250500	7
251000	10
251500	6
252000	6
252500	9
253000	7
253500	3
254000	10
254500	11
255000	11
255500	10
256000	4
256500	5
257000	7
257500	6
258000	6
258500	5
259000	2
259500	6
260000	6
260500	3
261000	7
261500	2
262000	7
262500	2
263000	2
263500	3
264000	4
264500	3
265000	5
265500	6
266000	1
266500	4
267000	1
267500	3
268000	3
268500	3
269000	2
269500	3
270000	2
270500	2
271000	2
271500	3
272000	1
272500	1
273000	4
273500	3
274500	4
275000	4
275500	2
276000	1
276500	3
277000	1
277500	2
278000	2
279500	3
280000	2
281500	1
282000	1
282500	1
283000	1
284500	2
285500	1
287000	2
288000	1
289000	1
292000	2
292500	2
293000	1
293500	1
294000	2
295000	1
295500	1
296500	1
299500	2
300500	2
302500	1
303500	1
304000	1
307500	2
310500	1
319500	1
325000	1
342500	1
373000	1
