# CHIME Latency Histogram - Range
# Bucket size: 500 ns
# Total samples: 9000000
# Format: latency_ns	count
50000	1
50500	1
52500	1
53000	1
54000	2
54500	1
55500	1
56500	2
57000	1
57500	2
58000	2
58500	5
59000	9
59500	8
60000	9
60500	8
61000	6
61500	10
62000	13
62500	15
63000	16
63500	27
64000	17
64500	15
65000	13
65500	29
66000	26
66500	28
67000	31
67500	39
68000	51
68500	51
69000	66
69500	66
70000	60
70500	66
71000	71
71500	90
72000	78
72500	65
73000	70
73500	77
74000	110
74500	105
75000	96
75500	126
76000	112
76500	116
77000	103
77500	135
78000	142
78500	135
79000	132
79500	118
80000	176
80500	161
81000	144
81500	168
82000	176
82500	182
83000	181
83500	206
84000	213
84500	191
85000	222
85500	223
86000	243
86500	248
87000	260
87500	273
88000	259
88500	277
89000	276
89500	287
90000	319
90500	317
91000	319
91500	318
92000	336
92500	377
93000	354
93500	371
94000	377
94500	419
95000	424
95500	400
96000	400
96500	450
97000	462
97500	478
98000	452
98500	494
99000	486
99500	487
100000	474
100500	525
101000	535
101500	574
102000	552
102500	589
103000	545
103500	550
104000	577
104500	567
105000	591
105500	590
106000	611
106500	602
107000	552
107500	572
108000	631
108500	594
109000	622
109500	642
110000	653
110500	632
111000	677
111500	637
112000	684
112500	655
113000	659
113500	719
114000	697
114500	730
115000	730
115500	725
116000	661
116500	689
117000	728
117500	788
118000	698
118500	743
119000	703
119500	763
120000	700
120500	796
121000	759
121500	764
122000	790
122500	774
123000	823
123500	774
124000	837
124500	803
125000	821
125500	819
126000	936
126500	801
127000	911
127500	876
128000	897
128500	937
129000	893
129500	911
130000	905
130500	937
131000	940
131500	959
132000	984
132500	947
133000	1013
133500	1005
134000	993
134500	1051
135000	1083
135500	1038
136000	1073
136500	1140
137000	1092
137500	1112
138000	1176
138500	1184
139000	1212
139500	1263
140000	1212
140500	1322
141000	1282
141500	1303
142000	1274
142500	1371
143000	1335
143500	1381
144000	1294
144500	1404
145000	1438
145500	1508
146000	1486
146500	1484
147000	1501
147500	1561
148000	1546
148500	1601
149000	1668
149500	1651
150000	1699
150500	1797
151000	1811
151500	1764
152000	1844
152500	1888
153000	1895
153500	1940
154000	1971
154500	2034
155000	2024
155500	2032
156000	2133
156500	2112
157000	2242
157500	2210
158000	2259
158500	2335
159000	2383
159500	2400
160000	2455
160500	2452
161000	2453
161500	2451
162000	2530
162500	2687
163000	2682
163500	2792
164000	2726
164500	2750
165000	2796
165500	2823
166000	2816
166500	3002
167000	2932
167500	2941
168000	3135
168500	3091
169000	3125
169500	3196
170000	3153
170500	3345
171000	3285
171500	3343
172000	3366
172500	3409
173000	3551
173500	3460
174000	3579
174500	3552
175000	3614
175500	3695
176000	3794
176500	3740
177000	3623
177500	3796
178000	3824
178500	3864
179000	4026
179500	3976
180000	4063
180500	4109
181000	4114
181500	4215
182000	4134
182500	4151
183000	4282
183500	4298
184000	4295
184500	4368
185000	4311
185500	4196
186000	4424
186500	4413
187000	4552
187500	4570
188000	4633
188500	4513
189000	4688
189500	4742
190000	4709
190500	4600
191000	4727
191500	4695
192000	4758
192500	4872
193000	4869
193500	4821
194000	4824
194500	4889
195000	4953
195500	4935
196000	5028
196500	5030
197000	5001
197500	5035
198000	5011
198500	5151
199000	5072
199500	5055
200000	5190
200500	5137
201000	5189
201500	5122
202000	5120
202500	5321
203000	5095
203500	5302
204000	5074
204500	5219
205000	5282
205500	5215
206000	5162
206500	5080
207000	5223
207500	5202
208000	5333
208500	5314
209000	5142
209500	5241
210000	5140
210500	5320
211000	5202
211500	5283
212000	5156
212500	5266
213000	5305
213500	5303
214000	5131
214500	5210
215000	5241
215500	5166
216000	5249
216500	5166
217000	5096
217500	5152
218000	5030
218500	5068
219000	5258
219500	5089
220000	5098
220500	5089
221000	5042
221500	5050
222000	5173
222500	5035
223000	5125
223500	4959
224000	4931
224500	4948
225000	4781
225500	5085
226000	4969
226500	4996
227000	4788
227500	4900
228000	4824
228500	4877
229000	4714
229500	4834
230000	4711
230500	4513
231000	4663
231500	4621
232000	4518
232500	4621
233000	4446
233500	4584
234000	4611
234500	4538
235000	4426
235500	4393
236000	4380
236500	4353
237000	4452
237500	4225
238000	4342
238500	4300
239000	4165
239500	4179
240000	4214
240500	4100
241000	4026
241500	4076
242000	4146
242500	4089
243000	4003
243500	3954
244000	3887
244500	3918
245000	3838
245500	3872
246000	3732
246500	3764
247000	3698
247500	3832
248000	3653
248500	3626
249000	3642
249500	3658
250000	3418
250500	3543
251000	3542
251500	3481
252000	3312
252500	3241
253000	3434
253500	3400
254000	3313
254500	3202
255000	3341
255500	3196
256000	3160
256500	3152
257000	3000
257500	3097
258000	3149
258500	3103
259000	2978
259500	3044
260000	2911
260500	2901
261000	2995
261500	2955
262000	2853
262500	2824
263000	2724
263500	2796
264000	2762
264500	2733
265000	2676
265500	2678
266000	2745
266500	2730
267000	2706
267500	2708
268000	2599
268500	2661
269000	2640
269500	2686
270000	2503
270500	2632
271000	2480
271500	2447
272000	2472
272500	2468
273000	2531
273500	2450
274000	2489
274500	2332
275000	2340
275500	2343
276000	2362
276500	2392
277000	2264
277500	2337
278000	2417
278500	2245
279000	2259
279500	2259
280000	2339
280500	2291
281000	2242
281500	2256
282000	2299
282500	2179
283000	2253
283500	2209
284000	2208
284500	2189
285000	2166
285500	2144
286000	2129
286500	2166
287000	2222
287500	2089
288000	2098
288500	2171
289000	2210
289500	2224
290000	2178
290500	2104
291000	2088
291500	2140
292000	2129
292500	1995
293000	2016
293500	2063
294000	2109
294500	2058
295000	2091
295500	2061
296000	2053
296500	2132
297000	2115
297500	2153
298000	2085
298500	2073
299000	2020
299500	2099
300000	2094
300500	2141
301000	2084
301500	2170
302000	2102
302500	2039
303000	2025
303500	2154
304000	2098
304500	2059
305000	2100
305500	2061
306000	2261
306500	2143
307000	2167
307500	2131
308000	2104
308500	2083
309000	2194
309500	2090
310000	2161
310500	2156
311000	2141
311500	2191
312000	2201
312500	2215
313000	2164
313500	2179
314000	2270
314500	2185
315000	2165
315500	2105
316000	2235
316500	2074
317000	2245
317500	2280
318000	2203
318500	2273
319000	2173
319500	2202
320000	2236
320500	2310
321000	2153
321500	2306
322000	2188
322500	2264
323000	2259
323500	2314
324000	2350
324500	2400
325000	2285
325500	2430
326000	2320
326500	2416
327000	2358
327500	2314
328000	2370
328500	2325
329000	2458
329500	2394
330000	2419
330500	2479
331000	2449
331500	2443
332000	2442
332500	2493
333000	2462
333500	2445
334000	2503
334500	2477
335000	2541
335500	2529
336000	2439
336500	2374
337000	2494
337500	2483
338000	2510
338500	2437
339000	2608
339500	2441
340000	2525
340500	2607
341000	2611
341500	2617
342000	2558
342500	2620
343000	2630
343500	2558
344000	2710
344500	2669
345000	2624
345500	2569
346000	2677
346500	2546
347000	2634
347500	2751
348000	2617
348500	2717
349000	2666
349500	2732
350000	2677
350500	2638
351000	2736
351500	2724
352000	2667
352500	2782
353000	2773
353500	2757
354000	2731
354500	2649
355000	2742
355500	2718
356000	2815
356500	2844
357000	2828
357500	2753
358000	2746
358500	2861
359000	2818
359500	2921
360000	2803
360500	2829
361000	2851
361500	2764
362000	2897
362500	2850
363000	2779
363500	2893
364000	2867
364500	2927
365000	2939
365500	2911
366000	2856
366500	2951
367000	2932
367500	2932
368000	2862
368500	3031
369000	2932
369500	3020
370000	2939
370500	2968
371000	2888
371500	3034
372000	3069
372500	3067
373000	3001
373500	2956
374000	2957
374500	3050
375000	3112
375500	3085
376000	3102
376500	3065
377000	3151
377500	3094
378000	3103
378500	3126
379000	3118
379500	3060
380000	3193
380500	3224
381000	2985
381500	3131
382000	3230
382500	3147
383000	3097
383500	3175
384000	3169
384500	3150
385000	3216
385500	3174
386000	3132
386500	3204
387000	3280
387500	3302
388000	3118
388500	3205
389000	3336
389500	3324
390000	3347
390500	3251
391000	3250
391500	3312
392000	3297
392500	3314
393000	3268
393500	3330
394000	3224
394500	3397
395000	3355
395500	3297
396000	3308
396500	3466
397000	3443
397500	3454
398000	3283
398500	3415
399000	3352
399500	3422
400000	3451
400500	3499
401000	3310
401500	3475
402000	3478
402500	3595
403000	3543
403500	3477
404000	3512
404500	3466
405000	3465
405500	3599
406000	3456
406500	3508
407000	3572
407500	3580
408000	3629
408500	3626
409000	3498
409500	3635
410000	3649
410500	3640
411000	3524
411500	3617
412000	3699
412500	3565
413000	3716
413500	3828
414000	3713
414500	3570
415000	3719
415500	3721
416000	3679
416500	3621
417000	3612
417500	3760
418000	3791
418500	3712
419000	3764
419500	3781
420000	3791
420500	3839
421000	3917
421500	3884
422000	3811
422500	3776
423000	3842
423500	3719
424000	3875
424500	3842
425000	3819
425500	3847
426000	3886
426500	3885
427000	3857
427500	3898
428000	3814
428500	4042
429000	3901
429500	4016
430000	3896
430500	3928
431000	3922
431500	3975
432000	3902
432500	4029
433000	3994
433500	3992
434000	4075
434500	4131
435000	4084
435500	3958
436000	4029
436500	3969
437000	4113
437500	4115
438000	4120
438500	4087
439000	4121
439500	4102
440000	4262
440500	4218
441000	4265
441500	4260
442000	4126
442500	4117
443000	4198
443500	4232
444000	4224
444500	4160
445000	4152
445500	4316
446000	4231
446500	4312
447000	4303
447500	4334
448000	4377
448500	4281
449000	4309
449500	4358
450000	4439
450500	4310
451000	4280
451500	4285
452000	4388
452500	4263
453000	4485
453500	4507
454000	4433
454500	4304
455000	4523
455500	4469
456000	4586
456500	4442
457000	4502
457500	4580
458000	4525
458500	4531
459000	4618
459500	4489
460000	4619
460500	4569
461000	4584
461500	4501
462000	4611
462500	4783
463000	4609
463500	4594
464000	4559
464500	4681
465000	4756
465500	4657
466000	4723
466500	4842
467000	4801
467500	4726
468000	4767
468500	4747
469000	4840
469500	4787
470000	4745
470500	4959
471000	4749
471500	4861
472000	4874
472500	4802
473000	4872
473500	4913
474000	4833
474500	4868
475000	4852
475500	4947
476000	5007
476500	5044
477000	4976
477500	4900
478000	4905
478500	5070
479000	4841
479500	4970
480000	5185
480500	5103
481000	4984
481500	5028
482000	4989
482500	5030
483000	5193
483500	5088
484000	5128
484500	5151
485000	5062
485500	5138
486000	5185
486500	5181
487000	5323
487500	5286
488000	5168
488500	5253
489000	5177
489500	5248
490000	5180
490500	5209
491000	5168
491500	5218
492000	5270
492500	5288
493000	5117
493500	5275
494000	5364
494500	5240
495000	5202
495500	5308
496000	5291
496500	5410
497000	5432
497500	5571
498000	5501
498500	5406
499000	5398
499500	5476
500000	5498
500500	5439
501000	5393
501500	5577
502000	5630
502500	5366
503000	5450
503500	5512
504000	5543
504500	5560
505000	5633
505500	5597
506000	5685
506500	5687
507000	5631
507500	5510
508000	5661
508500	5611
509000	5651
509500	5701
510000	5559
510500	5771
511000	5808
511500	5820
512000	5594
512500	5624
513000	5574
513500	5700
514000	5737
514500	5761
515000	5626
515500	5814
516000	5786
516500	5672
517000	5930
517500	5760
518000	5819
518500	5867
519000	5815
519500	5842
520000	5900
520500	5980
521000	5891
521500	5953
522000	5872
522500	5863
523000	5947
523500	5931
524000	6082
524500	5818
525000	5941
525500	5899
526000	5932
526500	6117
527000	6018
527500	5881
528000	6051
528500	6147
529000	6060
529500	6087
530000	6116
530500	6239
531000	5987
531500	6266
532000	6097
532500	6010
533000	6047
533500	6182
534000	6177
534500	6043
535000	6207
535500	6141
536000	6175
536500	6043
537000	6262
537500	6232
538000	6241
538500	6170
539000	6217
539500	6229
540000	6260
540500	6096
541000	6223
541500	6150
542000	6100
542500	6145
543000	6211
543500	6303
544000	6136
544500	6286
545000	6356
545500	6308
546000	6265
546500	6283
547000	6290
547500	6432
548000	6466
548500	6321
549000	6353
549500	6295
550000	6317
550500	6379
551000	6408
551500	6405
552000	6437
552500	6473
553000	6377
553500	6400
554000	6428
554500	6498
555000	6539
555500	6481
556000	6547
556500	6377
557000	6437
557500	6449
558000	6449
558500	6579
559000	6450
559500	6673
560000	6608
560500	6436
561000	6590
561500	6619
562000	6587
562500	6470
563000	6636
563500	6533
564000	6591
564500	6550
565000	6586
565500	6428
566000	6588
566500	6392
567000	6594
567500	6523
568000	6639
568500	6637
569000	6663
569500	6551
570000	6680
570500	6633
571000	6789
571500	6569
572000	6559
572500	6609
573000	6732
573500	6488
574000	6756
574500	6564
575000	6693
575500	6640
576000	6583
576500	6616
577000	6815
577500	6843
578000	6679
578500	6581
579000	6693
579500	6687
580000	6762
580500	6709
581000	6643
581500	6684
582000	6716
582500	6715
583000	6849
583500	6682
584000	6899
584500	6776
585000	6818
585500	6669
586000	6778
586500	6882
587000	6803
587500	6854
588000	6685
588500	6888
589000	6839
589500	6635
590000	6750
590500	6824
591000	6704
591500	6855
592000	6850
592500	6722
593000	6773
593500	6813
594000	6856
594500	6863
595000	7015
595500	6817
596000	6743
596500	6931
597000	6975
597500	6890
598000	6853
598500	6758
599000	7040
599500	6957
600000	6788
600500	6829
601000	6745
601500	7071
602000	6927
602500	6995
603000	6866
603500	6891
604000	6955
604500	6871
605000	6933
605500	6952
606000	7101
606500	6831
607000	6990
607500	7025
608000	6960
608500	6772
609000	6946
609500	6913
610000	6909
610500	6808
611000	6778
611500	6855
612000	6842
612500	6918
613000	6976
613500	6918
614000	6871
614500	6970
615000	6906
615500	7067
616000	6986
616500	6842
617000	6859
617500	6911
618000	6999
618500	7113
619000	7045
619500	6946
620000	6992
620500	6870
621000	7112
621500	6932
622000	7050
622500	6971
623000	7008
623500	6860
624000	7040
624500	7096
625000	6946
625500	6987
626000	7155
626500	7051
627000	7010
627500	6878
628000	6965
628500	6884
629000	6950
629500	6913
630000	6951
630500	7072
631000	6924
631500	6934
632000	7001
632500	6976
633000	6909
633500	6883
634000	6864
634500	6855
635000	7043
635500	6964
636000	6900
636500	7040
637000	7004
637500	6941
638000	6965
638500	6923
639000	6995
639500	7014
640000	6985
640500	7075
641000	7055
641500	7124
642000	7114
642500	7123
643000	7025
643500	6979
644000	7100
644500	6843
645000	6944
645500	7159
646000	7015
646500	7054
647000	7004
647500	6965
648000	6999
648500	7099
649000	6943
649500	7208
650000	6890
650500	6986
651000	6973
651500	6960
652000	7099
652500	6958
653000	7105
653500	7019
654000	6981
654500	7032
655000	7081
655500	7165
656000	6957
656500	7152
657000	6984
657500	6980
658000	7076
658500	6992
659000	7009
659500	6921
660000	7149
660500	7001
661000	7189
661500	6918
662000	7059
662500	7054
663000	6902
663500	7067
664000	7059
664500	7007
665000	7119
665500	6965
666000	6844
666500	6850
667000	6813
667500	7021
668000	7009
668500	6792
669000	7011
669500	6999
670000	6854
670500	7023
671000	6944
671500	7037
672000	6974
672500	6886
673000	7006
673500	6956
674000	6924
674500	7058
675000	6845
675500	6933
676000	6648
676500	6871
677000	6974
677500	6914
678000	6892
678500	6949
679000	6851
679500	6958
680000	6824
680500	6914
681000	6962
681500	6943
682000	6972
682500	6907
683000	6836
683500	6870
684000	6986
684500	6976
685000	6919
685500	6939
686000	7121
686500	6756
687000	6941
687500	7027
688000	7025
688500	6776
689000	6955
689500	6832
690000	6880
690500	6945
691000	6894
691500	6839
692000	7036
692500	6888
693000	6942
693500	6899
694000	7035
694500	6786
695000	6952
695500	6848
696000	6726
696500	6892
697000	6778
697500	6843
698000	6870
698500	6689
699000	6615
699500	6733
700000	6853
700500	6770
701000	6748
701500	6864
702000	6675
702500	6866
703000	6706
703500	6775
704000	6796
704500	6784
705000	6756
705500	6841
706000	6676
706500	6751
707000	6626
707500	6826
708000	6707
708500	6774
709000	6863
709500	6885
710000	6802
710500	6795
711000	6672
711500	6721
712000	6738
712500	6754
713000	6776
713500	6693
714000	6748
714500	6577
715000	6660
715500	6719
716000	6552
716500	6684
717000	6655
717500	6615
718000	6629
718500	6634
719000	6660
719500	6739
720000	6619
720500	6636
721000	6641
721500	6476
722000	6621
722500	6604
723000	6676
723500	6637
724000	6735
724500	6753
725000	6586
725500	6426
726000	6742
726500	6532
727000	6594
727500	6408
728000	6510
728500	6540
729000	6607
729500	6730
730000	6638
730500	6614
731000	6643
731500	6643
732000	6608
732500	6591
733000	6454
733500	6579
734000	6473
734500	6572
735000	6444
735500	6402
736000	6588
736500	6516
737000	6416
737500	6458
738000	6479
738500	6502
739000	6504
739500	6474
740000	6252
740500	6345
741000	6355
741500	6439
742000	6399
742500	6472
743000	6532
743500	6471
744000	6459
744500	6461
745000	6451
745500	6502
746000	6432
746500	6473
747000	6531
747500	6473
748000	6347
748500	6307
749000	6335
749500	6374
750000	6299
750500	6254
751000	6276
751500	6442
752000	6268
752500	6237
753000	6320
753500	6350
754000	6424
754500	6139
755000	6302
755500	6197
756000	6236
756500	6217
757000	6190
757500	6245
758000	6311
758500	6200
759000	6225
759500	6240
760000	6262
760500	6254
761000	6127
761500	6188
762000	6127
762500	6183
763000	6162
763500	6177
764000	6088
764500	6268
765000	6105
765500	6180
766000	6087
766500	6156
767000	6361
767500	6105
768000	6150
768500	6062
769000	5993
769500	6203
770000	6149
770500	6091
771000	6069
771500	6094
772000	6188
772500	6151
773000	5934
773500	6107
774000	5988
774500	6149
775000	5949
775500	6019
776000	5844
776500	5982
777000	5972
777500	5993
778000	6026
778500	6025
779000	5880
779500	5966
780000	5954
780500	5974
781000	5870
781500	5927
782000	5946
782500	5818
783000	6070
783500	5887
784000	5905
784500	5828
785000	5905
785500	5910
786000	6014
786500	5810
787000	5890
787500	5921
788000	5834
788500	5761
789000	5816
789500	5785
790000	5724
790500	5783
791000	5845
791500	5626
792000	5679
792500	5760
793000	5797
793500	5722
794000	5753
794500	5924
795000	5647
795500	5692
796000	5729
796500	5802
797000	5859
797500	5918
798000	5678
798500	5692
799000	5719
799500	5606
800000	5652
800500	5772
801000	5786
801500	5598
802000	5518
802500	5523
803000	5633
803500	5791
804000	5537
804500	5501
805000	5591
805500	5524
806000	5538
806500	5477
807000	5537
807500	5609
808000	5561
808500	5491
809000	5609
809500	5651
810000	5548
810500	5523
811000	5578
811500	5364
812000	5542
812500	5415
813000	5447
813500	5460
814000	5466
814500	5453
815000	5343
815500	5386
816000	5512
816500	5345
817000	5363
817500	5387
818000	5408
818500	5386
819000	5446
819500	5393
820000	5330
820500	5247
821000	5171
821500	5327
822000	5253
822500	5308
823000	5270
823500	5433
824000	5337
824500	5314
825000	5131
825500	5308
826000	5245
826500	5269
827000	5305
827500	5426
828000	5201
828500	5165
829000	5437
829500	5200
830000	5351
830500	5169
831000	5228
831500	5174
832000	5180
832500	5296
833000	5184
833500	5115
834000	5130
834500	5109
835000	5141
835500	5096
836000	5025
836500	5137
837000	5175
837500	5152
838000	5097
838500	5006
839000	5081
839500	4927
840000	5064
840500	5140
841000	5026
841500	5046
842000	4921
842500	4882
843000	4959
843500	5051
844000	4889
844500	4890
845000	5045
845500	4983
846000	5042
846500	5048
847000	4884
847500	4803
848000	4827
848500	4903
849000	4852
849500	4798
850000	4925
850500	4808
851000	4732
851500	4839
852000	4840
852500	4825
853000	4748
853500	4908
854000	4865
854500	4803
855000	4705
855500	4798
856000	4835
856500	4711
857000	4709
857500	4826
858000	4740
858500	4771
859000	4684
859500	4826
860000	4659
860500	4543
861000	4686
861500	4555
862000	4654
862500	4667
863000	4670
863500	4691
864000	4668
864500	4573
865000	4558
865500	4528
866000	4591
866500	4467
867000	4546
867500	4462
868000	4571
868500	4574
869000	4652
869500	4562
870000	4494
870500	4557
871000	4465
871500	4644
872000	4369
872500	4511
873000	4365
873500	4503
874000	4577
874500	4484
875000	4480
875500	4350
876000	4458
876500	4528
877000	4570
877500	4326
878000	4464
878500	4380
879000	4287
879500	4511
880000	4342
880500	4369
881000	4397
881500	4372
882000	4342
882500	4374
883000	4194
883500	4366
884000	4349
884500	4300
885000	4314
885500	4280
886000	4322
886500	4297
887000	4286
887500	4321
888000	4249
888500	4347
889000	4156
889500	4156
890000	4092
890500	4236
891000	4143
891500	4170
892000	4191
892500	4166
893000	4169
893500	4185
894000	4112
894500	4210
895000	4091
895500	4156
896000	4059
896500	4116
897000	4087
897500	4050
898000	4051
898500	3943
899000	4018
899500	4021
900000	3851
900500	3988
901000	4101
901500	3911
902000	3997
902500	3966
903000	3967
903500	3850
904000	3951
904500	4021
905000	4008
905500	3934
906000	3954
906500	3971
907000	3960
907500	3988
908000	4031
908500	4018
909000	3900
909500	3850
910000	3872
910500	4006
911000	3796
911500	3806
912000	3800
912500	3837
913000	3849
913500	3796
914000	3798
914500	3847
915000	3852
915500	3774
916000	3824
916500	3655
917000	3746
917500	3788
918000	3702
918500	3818
919000	3758
919500	3747
920000	3734
920500	3734
921000	3701
921500	3753
922000	3734
922500	3559
923000	3642
923500	3634
924000	3641
924500	3683
925000	3611
925500	3695
926000	3622
926500	3648
927000	3695
927500	3612
928000	3656
928500	3664
929000	3607
929500	3677
930000	3507
930500	3465
931000	3596
931500	3595
932000	3496
932500	3407
933000	3666
933500	3453
934000	3527
934500	3537
935000	3443
935500	3448
936000	3437
936500	3488
937000	3410
937500	3441
938000	3422
938500	3554
939000	3394
939500	3407
940000	3417
940500	3469
941000	3415
941500	3466
942000	3351
942500	3358
943000	3424
943500	3403
944000	3349
944500	3399
945000	3404
945500	3406
946000	3347
946500	3262
947000	3285
947500	3243
948000	3306
948500	3305
949000	3271
949500	3213
950000	3300
950500	3400
951000	3222
951500	3236
952000	3177
952500	3285
953000	3213
953500	3187
954000	3169
954500	3188
955000	3239
955500	3251
956000	3168
956500	3252
957000	3131
957500	3226
958000	3276
958500	3263
959000	3125
959500	3080
960000	3040
960500	3142
961000	3136
961500	3139
962000	3069
962500	3052
963000	3175
963500	3126
964000	3076
964500	2971
965000	3028
965500	2933
966000	3074
966500	3120
967000	3099
967500	2979
968000	3080
968500	3067
969000	3083
969500	2991
970000	2996
970500	3042
971000	2993
971500	2941
972000	3049
972500	3022
973000	3004
973500	3015
974000	2958
974500	2868
975000	2921
975500	2917
976000	2935
976500	2856
977000	2844
977500	3006
978000	2928
978500	2815
979000	2836
979500	2849
980000	2788
980500	2923
981000	2850
981500	2857
982000	2860
982500	2892
983000	2906
983500	2786
984000	2774
984500	2801
985000	2829
985500	2812
986000	2791
986500	2870
987000	2728
987500	2792
988000	2767
988500	2738
989000	2829
989500	2712
990000	2810
990500	2728
991000	2709
991500	2777
992000	2659
992500	2726
993000	2657
993500	2651
994000	2733
994500	2671
995000	2671
995500	2676
996000	2606
996500	2605
997000	2614
997500	2614
998000	2602
998500	2639
999000	2719
999500	2694
1000000	2683
1000500	2657
1001000	2588
1001500	2617
1002000	2638
1002500	2686
1003000	2585
1003500	2466
1004000	2719
1004500	2620
1005000	2630
1005500	2570
1006000	2476
1006500	2548
1007000	2555
1007500	2621
1008000	2529
1008500	2410
1009000	2598
1009500	2424
1010000	2503
1010500	2474
1011000	2476
1011500	2460
1012000	2420
1012500	2417
1013000	2469
1013500	2529
1014000	2454
1014500	2460
1015000	2507
1015500	2418
1016000	2488
1016500	2483
1017000	2364
1017500	2410
1018000	2356
1018500	2472
1019000	2499
1019500	2391
1020000	2371
1020500	2391
1021000	2382
1021500	2390
1022000	2385
1022500	2294
1023000	2386
1023500	2386
1024000	2181
1024500	2379
1025000	2375
1025500	2331
1026000	2314
1026500	2410
1027000	2297
1027500	2357
1028000	2258
1028500	2364
1029000	2260
1029500	2332
1030000	2273
1030500	2289
1031000	2224
1031500	2318
1032000	2302
1032500	2224
1033000	2222
1033500	2161
1034000	2301
1034500	2246
1035000	2217
1035500	2148
1036000	2258
1036500	2235
1037000	2195
1037500	2125
1038000	2201
1038500	2250
1039000	2091
1039500	2187
1040000	2233
1040500	2129
1041000	2097
1041500	2201
1042000	2126
1042500	2107
1043000	2075
1043500	2085
1044000	2102
1044500	2150
1045000	2086
1045500	2148
1046000	2109
1046500	1970
1047000	2074
1047500	2126
1048000	2075
1048500	2056
1049000	2090
1049500	2127
1050000	2102
1050500	2042
1051000	2072
1051500	2039
1052000	1959
1052500	2019
1053000	1966
1053500	1991
1054000	2034
1054500	2062
1055000	2085
1055500	1903
1056000	2046
1056500	2079
1057000	1913
1057500	2016
1058000	1966
1058500	2010
1059000	1893
1059500	1886
1060000	1975
1060500	2013
1061000	1964
1061500	1919
1062000	2004
1062500	1907
1063000	1915
1063500	1809
1064000	1817
1064500	1855
1065000	1834
1065500	1907
1066000	1853
1066500	1875
1067000	1878
1067500	1929
1068000	1859
1068500	1820
1069000	1898
1069500	1871
1070000	1821
1070500	1843
1071000	1828
1071500	1909
1072000	1837
1072500	1763
1073000	1812
1073500	1778
1074000	1737
1074500	1738
1075000	1755
1075500	1815
1076000	1745
1076500	1792
1077000	1759
1077500	1667
1078000	1752
1078500	1734
1079000	1729
1079500	1724
1080000	1713
1080500	1743
1081000	1694
1081500	1751
1082000	1729
1082500	1674
1083000	1659
1083500	1763
1084000	1688
1084500	1800
1085000	1736
1085500	1674
1086000	1641
1086500	1711
1087000	1672
1087500	1586
1088000	1670
1088500	1615
1089000	1709
1089500	1645
1090000	1629
1090500	1639
1091000	1604
1091500	1720
1092000	1624
1092500	1612
1093000	1623
1093500	1599
1094000	1625
1094500	1535
1095000	1523
1095500	1603
1096000	1574
1096500	1621
1097000	1612
1097500	1577
1098000	1486
1098500	1582
1099000	1601
1099500	1530
1100000	1551
1100500	1468
1101000	1580
1101500	1525
1102000	1529
1102500	1542
1103000	1532
1103500	1540
1104000	1488
1104500	1534
1105000	1518
1105500	1526
1106000	1547
1106500	1501
1107000	1444
1107500	1493
1108000	1394
1108500	1466
1109000	1500
1109500	1559
1110000	1420
1110500	1525
1111000	1473
1111500	1455
1112000	1462
1112500	1420
1113000	1446
1113500	1417
1114000	1434
1114500	1397
1115000	1411
1115500	1471
1116000	1351
1116500	1392
1117000	1430
1117500	1337
1118000	1368
1118500	1388
1119000	1405
1119500	1325
1120000	1312
1120500	1337
1121000	1362
1121500	1333
1122000	1313
1122500	1389
1123000	1296
1123500	1334
1124000	1352
1124500	1335
1125000	1364
1125500	1375
1126000	1283
1126500	1381
1127000	1326
1127500	1297
1128000	1301
1128500	1329
1129000	1287
1129500	1257
1130000	1363
1130500	1281
1131000	1280
1131500	1337
1132000	1243
1132500	1242
1133000	1272
1133500	1230
1134000	1202
1134500	1298
1135000	1283
1135500	1222
1136000	1269
1136500	1172
1137000	1233
1137500	1205
1138000	1249
1138500	1177
1139000	1192
1139500	1198
1140000	1196
1140500	1231
1141000	1226
1141500	1147
1142000	1170
1142500	1182
1143000	1173
1143500	1189
1144000	1192
1144500	1139
1145000	1180
1145500	1091
1146000	1188
1146500	1164
1147000	1190
1147500	1177
1148000	1137
1148500	1104
1149000	1167
1149500	1081
1150000	1132
1150500	1096
1151000	1068
1151500	1142
1152000	1150
1152500	1085
1153000	1125
1153500	1125
1154000	1078
1154500	1098
1155000	1046
1155500	1121
1156000	1072
1156500	1121
1157000	1109
1157500	1058
1158000	1038
1158500	1076
1159000	1022
1159500	1074
1160000	1096
1160500	1026
1161000	1012
1161500	1064
1162000	1034
1162500	1032
1163000	1064
1163500	995
1164000	1027
1164500	1062
1165000	1005
1165500	1013
1166000	962
1166500	1004
1167000	1007
1167500	1055
1168000	1024
1168500	975
1169000	949
1169500	953
1170000	975
1170500	990
1171000	965
1171500	983
1172000	939
1172500	915
1173000	917
1173500	983
1174000	916
1174500	933
1175000	976
1175500	951
1176000	877
1176500	904
1177000	939
1177500	949
1178000	950
1178500	913
1179000	935
1179500	852
1180000	908
1180500	884
1181000	861
1181500	903
1182000	888
1182500	902
1183000	905
1183500	937
1184000	853
1184500	935
1185000	872
1185500	903
1186000	856
1186500	900
1187000	848
1187500	840
1188000	861
1188500	864
1189000	857
1189500	839
1190000	864
1190500	862
1191000	862
1191500	843
1192000	869
1192500	847
1193000	842
1193500	806
1194000	859
1194500	851
1195000	810
1195500	863
1196000	812
1196500	779
1197000	789
1197500	800
1198000	837
1198500	816
1199000	779
1199500	799
1200000	777
1200500	746
1201000	796
1201500	820
1202000	763
1202500	800
1203000	776
1203500	753
1204000	753
1204500	757
1205000	757
1205500	742
1206000	755
1206500	785
1207000	741
1207500	801
1208000	761
1208500	755
1209000	741
1209500	751
1210000	714
1210500	710
1211000	756
1211500	702
1212000	716
1212500	723
1213000	706
1213500	723
1214000	665
1214500	710
1215000	673
1215500	687
1216000	681
1216500	719
1217000	703
1217500	699
1218000	693
1218500	684
1219000	692
1219500	712
1220000	676
1220500	669
1221000	617
1221500	680
1222000	703
1222500	686
1223000	694
1223500	614
1224000	677
1224500	690
1225000	647
1225500	620
1226000	684
1226500	640
1227000	630
1227500	699
1228000	644
1228500	647
1229000	643
1229500	647
1230000	602
1230500	634
1231000	604
1231500	625
1232000	674
1232500	594
1233000	599
1233500	645
1234000	649
1234500	581
1235000	599
1235500	640
1236000	599
1236500	587
1237000	600
1237500	657
1238000	570
1238500	651
1239000	609
1239500	617
1240000	598
1240500	547
1241000	597
1241500	575
1242000	600
1242500	570
1243000	534
1243500	628
1244000	578
1244500	610
1245000	532
1245500	521
1246000	584
1246500	528
1247000	578
1247500	561
1248000	494
1248500	568
1249000	573
1249500	536
1250000	561
1250500	562
1251000	511
1251500	506
1252000	528
1252500	529
1253000	548
1253500	543
1254000	539
1254500	524
1255000	568
1255500	544
1256000	536
1256500	537
1257000	538
1257500	501
1258000	478
1258500	501
1259000	528
1259500	482
1260000	480
1260500	490
1261000	482
1261500	527
1262000	556
1262500	510
1263000	485
1263500	483
1264000	507
1264500	498
1265000	476
1265500	497
1266000	482
1266500	493
1267000	519
1267500	477
1268000	538
1268500	468
1269000	506
1269500	484
1270000	436
1270500	458
1271000	463
1271500	450
1272000	463
1272500	479
1273000	455
1273500	447
1274000	459
1274500	439
1275000	438
1275500	430
1276000	436
1276500	462
1277000	408
1277500	416
1278000	448
1278500	470
1279000	429
1279500	465
1280000	390
1280500	420
1281000	447
1281500	421
1282000	429
1282500	420
1283000	421
1283500	441
1284000	423
1284500	398
1285000	424
1285500	443
1286000	446
1286500	395
1287000	370
1287500	413
1288000	420
1288500	428
1289000	406
1289500	401
1290000	402
1290500	420
1291000	420
1291500	419
1292000	383
1292500	378
1293000	419
1293500	416
1294000	391
1294500	381
1295000	373
1295500	421
1296000	378
1296500	391
1297000	385
1297500	398
1298000	366
1298500	377
1299000	389
1299500	403
1300000	359
1300500	359
1301000	389
1301500	365
1302000	399
1302500	358
1303000	375
1303500	352
1304000	350
1304500	364
1305000	385
1305500	399
1306000	382
1306500	336
1307000	359
1307500	388
1308000	384
1308500	375
1309000	341
1309500	378
1310000	363
1310500	364
1311000	363
1311500	355
1312000	377
1312500	345
1313000	344
1313500	337
1314000	313
1314500	375
1315000	332
1315500	322
1316000	375
1316500	324
1317000	332
1317500	335
1318000	361
1318500	359
1319000	324
1319500	341
1320000	318
1320500	366
1321000	338
1321500	402
1322000	336
1322500	325
1323000	313
1323500	334
1324000	312
1324500	304
1325000	297
1325500	306
1326000	316
1326500	325
1327000	307
1327500	296
1328000	305
1328500	314
1329000	303
1329500	310
1330000	313
1330500	315
1331000	313
1331500	318
1332000	289
1332500	311
1333000	322
1333500	306
1334000	300
1334500	292
1335000	272
1335500	290
1336000	303
1336500	300
1337000	286
1337500	303
1338000	309
1338500	310
1339000	296
1339500	315
1340000	287
1340500	276
1341000	260
1341500	280
1342000	275
1342500	258
1343000	266
1343500	275
1344000	280
1344500	274
1345000	276
1345500	287
1346000	278
1346500	287
1347000	263
1347500	246
1348000	275
1348500	230
1349000	271
1349500	255
1350000	253
1350500	265
1351000	266
1351500	270
1352000	253
1352500	271
1353000	248
1353500	262
1354000	277
1354500	288
1355000	259
1355500	255
1356000	246
1356500	256
1357000	231
1357500	250
1358000	242
1358500	248
1359000	249
1359500	224
1360000	273
1360500	232
1361000	245
1361500	239
1362000	241
1362500	235
1363000	241
1363500	237
1364000	264
1364500	222
1365000	237
1365500	237
1366000	242
1366500	254
1367000	228
1367500	245
1368000	220
1368500	245
1369000	236
1369500	193
1370000	240
1370500	249
1371000	228
1371500	233
1372000	221
1372500	239
1373000	245
1373500	224
1374000	225
1374500	227
1375000	235
1375500	196
1376000	230
1376500	220
1377000	195
1377500	225
1378000	200
1378500	218
1379000	182
1379500	178
1380000	250
1380500	230
1381000	205
1381500	202
1382000	204
1382500	213
1383000	193
1383500	199
1384000	221
1384500	202
1385000	189
1385500	212
1386000	209
1386500	206
1387000	194
1387500	203
1388000	200
1388500	205
1389000	216
1389500	204
1390000	205
1390500	188
1391000	174
1391500	198
1392000	215
1392500	184
1393000	210
1393500	214
1394000	204
1394500	161
1395000	192
1395500	175
1396000	167
1396500	205
1397000	196
1397500	183
1398000	181
1398500	169
1399000	168
1399500	170
1400000	205
1400500	175
1401000	156
1401500	164
1402000	170
1402500	176
1403000	147
1403500	202
1404000	163
1404500	172
1405000	174
1405500	151
1406000	167
1406500	192
1407000	162
1407500	188
1408000	193
1408500	179
1409000	172
1409500	165
1410000	156
1410500	140
1411000	183
1411500	169
1412000	179
1412500	161
1413000	149
1413500	157
1414000	170
1414500	156
1415000	154
1415500	162
1416000	148
1416500	155
1417000	149
1417500	156
1418000	171
1418500	157
1419000	144
1419500	157
1420000	146
1420500	161
1421000	157
1421500	140
1422000	147
1422500	137
1423000	137
1423500	165
1424000	142
1424500	122
1425000	137
1425500	157
1426000	162
1426500	142
1427000	130
1427500	132
1428000	159
1428500	134
1429000	125
1429500	139
1430000	136
1430500	134
1431000	141
1431500	138
1432000	142
1432500	134
1433000	138
1433500	137
1434000	150
1434500	143
1435000	124
1435500	137
1436000	123
1436500	136
1437000	135
1437500	119
1438000	121
1438500	129
1439000	152
1439500	132
1440000	122
1440500	139
1441000	143
1441500	119
1442000	135
1442500	141
1443000	129
1443500	113
1444000	135
1444500	121
1445000	113
1445500	133
1446000	126
1446500	133
1447000	123
1447500	99
1448000	126
1448500	140
1449000	117
1449500	130
1450000	125
1450500	117
1451000	109
1451500	120
1452000	123
1452500	119
1453000	107
1453500	125
1454000	119
1454500	123
1455000	135
1455500	119
1456000	110
1456500	123
1457000	106
1457500	94
1458000	112
1458500	134
1459000	109
1459500	112
1460000	96
1460500	93
1461000	125
1461500	109
1462000	93
1462500	96
1463000	111
1463500	97
1464000	106
1464500	116
1465000	74
1465500	120
1466000	97
1466500	100
1467000	99
1467500	105
1468000	110
1468500	98
1469000	109
1469500	109
1470000	115
1470500	96
1471000	93
1471500	100
1472000	95
1472500	90
1473000	102
1473500	102
1474000	93
1474500	91
1475000	95
1475500	96
1476000	95
1476500	92
1477000	103
1477500	81
1478000	85
1478500	83
1479000	92
1479500	80
1480000	96
1480500	85
1481000	88
1481500	86
1482000	97
1482500	86
1483000	87
1483500	107
1484000	80
1484500	94
1485000	75
1485500	87
1486000	94
1486500	88
1487000	105
1487500	80
1488000	86
1488500	72
1489000	79
1489500	75
1490000	82
1490500	80
1491000	77
1491500	85
1492000	69
1492500	82
1493000	72
1493500	66
1494000	66
1494500	82
1495000	81
1495500	75
1496000	83
1496500	88
1497000	66
1497500	71
1498000	85
1498500	79
1499000	60
1499500	86
1500000	69
1500500	71
1501000	70
1501500	65
1502000	73
1502500	71
1503000	70
1503500	82
1504000	77
1504500	68
1505000	83
1505500	64
1506000	80
1506500	61
1507000	54
1507500	69
1508000	70
1508500	64
1509000	67
1509500	76
1510000	75
1510500	65
1511000	75
1511500	68
1512000	62
1512500	59
1513000	73
1513500	56
1514000	64
1514500	68
1515000	52
1515500	71
1516000	75
1516500	60
1517000	63
1517500	64
1518000	66
1518500	51
1519000	60
1519500	65
1520000	63
1520500	52
1521000	69
1521500	63
1522000	43
1522500	57
1523000	66
1523500	50
1524000	52
1524500	68
1525000	63
1525500	58
1526000	46
1526500	49
1527000	50
1527500	69
1528000	50
1528500	51
1529000	50
1529500	38
1530000	77
1530500	58
1531000	58
1531500	50
1532000	51
1532500	62
1533000	68
1533500	53
1534000	55
1534500	56
1535000	58
1535500	43
1536000	50
1536500	48
1537000	57
1537500	51
1538000	40
1538500	53
1539000	54
1539500	63
1540000	50
1540500	60
1541000	51
1541500	40
1542000	50
1542500	45
1543000	45
1543500	47
1544000	54
1544500	56
1545000	34
1545500	56
1546000	41
1546500	44
1547000	47
1547500	46
1548000	50
1548500	51
1549000	54
1549500	50
1550000	53
1550500	42
1551000	49
1551500	40
1552000	46
1552500	46
1553000	50
1553500	40
1554000	50
1554500	48
1555000	38
1555500	52
1556000	40
1556500	43
1557000	34
1557500	56
1558000	44
1558500	45
1559000	39
1559500	40
1560000	34
1560500	27
1561000	27
1561500	44
1562000	37
1562500	44
1563000	40
1563500	43
1564000	33
1564500	33
1565000	50
1565500	37
1566000	39
1566500	42
1567000	35
1567500	26
1568000	32
1568500	47
1569000	37
1569500	38
1570000	42
1570500	35
1571000	39
1571500	35
1572000	36
1572500	51
1573000	45
1573500	35
1574000	36
1574500	37
1575000	30
1575500	32
1576000	41
1576500	35
1577000	39
1577500	40
1578000	39
1578500	42
1579000	34
1579500	37
1580000	31
1580500	30
1581000	35
1581500	30
1582000	27
1582500	30
1583000	35
1583500	34
1584000	37
1584500	31
1585000	37
1585500	30
1586000	35
1586500	28
1587000	35
1587500	25
1588000	30
1588500	25
1589000	33
1589500	21
1590000	26
1590500	34
1591000	32
1591500	26
1592000	35
1592500	33
1593000	28
1593500	31
1594000	28
1594500	26
1595000	26
1595500	25
1596000	24
1596500	21
1597000	36
1597500	28
1598000	24
1598500	29
1599000	33
1599500	26
1600000	24
1600500	27
1601000	16
1601500	23
1602000	26
1602500	28
1603000	22
1603500	21
1604000	28
1604500	24
1605000	22
1605500	29
1606000	27
1606500	28
1607000	30
1607500	19
1608000	26
1608500	26
1609000	32
1609500	31
1610000	18
1610500	21
1611000	35
1611500	24
1612000	27
1612500	24
1613000	23
1613500	30
1614000	24
1614500	19
1615000	22
1615500	21
1616000	31
1616500	20
1617000	18
1617500	22
1618000	18
1618500	11
1619000	16
1619500	14
1620000	28
1620500	23
1621000	28
1621500	11
1622000	19
1622500	20
1623000	18
1623500	20
1624000	19
1624500	24
1625000	18
1625500	26
1626000	27
1626500	23
1627000	21
1627500	19
1628000	26
1628500	14
1629000	20
1629500	15
1630000	19
1630500	18
1631000	12
1631500	18
1632000	20
1632500	17
1633000	21
1633500	19
1634000	21
1634500	14
1635000	14
1635500	18
1636000	20
1636500	25
1637000	23
1637500	22
1638000	18
1638500	16
1639000	13
1639500	15
1640000	17
1640500	14
1641000	19
1641500	18
1642000	25
1642500	21
1643000	13
1643500	22
1644000	17
1644500	19
1645000	22
1645500	19
1646000	19
1646500	14
1647000	23
1647500	16
1648000	20
1648500	16
1649000	23
1649500	14
1650000	19
1650500	17
1651000	14
1651500	11
1652000	20
1652500	17
1653000	22
1653500	11
1654000	8
1654500	13
1655000	20
1655500	12
1656000	18
1656500	18
1657000	18
1657500	13
1658000	14
1658500	15
1659000	16
1659500	15
1660000	4
1660500	8
1661000	19
1661500	13
1662000	17
1662500	12
1663000	13
1663500	17
1664000	17
1664500	14
1665000	17
1665500	15
1666000	10
1666500	12
1667000	17
1667500	6
1668000	12
1668500	11
1669000	19
1669500	11
1670000	18
1670500	13
1671000	13
1671500	14
1672000	18
1672500	13
1673000	16
1673500	9
1674000	9
1674500	8
1675000	7
1675500	9
1676000	9
1676500	11
1677000	17
1677500	11
1678000	17
1678500	11
1679000	13
1679500	12
1680000	8
1680500	12
1681000	14
1681500	7
1682000	13
1682500	17
1683000	7
1683500	10
1684000	11
1684500	10
1685000	20
1685500	11
1686000	11
1686500	13
1687000	5
1687500	14
1688000	8
1688500	7
1689000	10
1689500	9
1690000	9
1690500	3
1691000	12
1691500	8
1692000	3
1692500	14
1693000	8
1693500	16
1694000	6
1694500	13
1695000	11
1695500	14
1696000	8
1696500	8
1697000	9
1697500	11
1698000	8
1698500	10
1699000	12
1699500	5
1700000	14
1700500	10
1701000	8
1701500	11
1702000	7
1702500	9
1703000	8
1703500	11
1704000	8
1704500	14
1705000	12
1705500	3
1706000	3
1706500	9
1707000	11
1707500	10
1708000	10
1708500	10
1709000	10
1709500	3
1710000	6
1710500	7
1711000	7
1711500	6
1712000	17
1712500	13
1713000	11
1713500	15
1714000	6
1714500	7
1715000	11
1715500	9
1716000	6
1716500	9
1717000	10
1717500	14
1718500	13
1719000	6
1719500	5
1720000	8
1720500	8
1721000	7
1721500	11
1722000	7
1722500	5
1723000	11
1723500	4
1724000	7
1724500	9
1725000	5
1725500	10
1726000	7
1726500	7
1727000	3
1727500	14
1728000	4
1728500	5
1729000	5
1729500	12
1730000	12
1730500	4
1731000	6
1731500	6
1732000	6
1732500	8
1733000	9
1733500	8
1734000	7
1734500	6
1735000	11
1735500	11
1736000	7
1736500	9
1737000	4
1737500	10
1738000	8
1738500	10
1739000	5
1739500	5
1740000	2
1740500	7
1741000	8
1741500	9
1742000	12
1742500	10
1743000	6
1743500	4
1744000	5
1744500	4
1745000	5
1745500	7
1746000	5
1746500	5
1747000	3
1747500	9
1748000	8
1748500	8
1749000	8
1749500	6
1750000	5
1750500	10
1751000	8
1751500	4
1752000	5
1752500	3
1753000	5
1753500	7
1754000	4
1754500	3
1755000	3
1755500	4
1756000	6
1756500	4
1757000	5
1757500	7
1758000	6
1758500	8
1759000	9
1759500	5
1760000	6
1760500	5
1761000	6
1761500	5
1762000	3
1762500	7
1763000	8
1763500	8
1764000	5
1764500	6
1765000	3
1765500	5
1766000	6
1766500	4
1767000	3
1767500	5
1768000	5
1768500	5
1769000	8
1769500	5
1770000	7
1770500	7
1771000	4
1771500	5
1772000	7
1772500	4
1773000	2
1773500	4
1774000	3
1774500	6
1775000	3
1775500	6
1776000	4
1776500	4
1777000	8
1777500	7
1778000	2
1778500	3
1779000	7
1779500	6
1780000	6
1780500	6
1781000	4
1781500	4
1782000	6
1782500	7
1783000	4
1783500	6
1784000	9
1784500	1
1785000	4
1785500	2
1786000	3
1786500	4
1787000	5
1787500	6
1788500	2
1789000	4
1789500	1
1790000	3
1790500	3
1791000	8
1792000	5
1792500	3
1793000	1
1793500	4
1794000	6
1794500	4
1795000	3
1795500	7
1796000	3
1796500	2
1797000	2
1797500	3
1798000	1
1798500	1
1799000	4
1799500	2
1800000	6
1800500	1
1801000	3
1801500	4
1802000	2
1803000	5
1803500	3
1804000	3
1804500	4
1805000	2
1805500	4
1806000	5
1806500	2
1807000	7
1807500	2
1808000	1
1808500	1
1809000	2
1809500	3
1810000	1
1810500	4
1811000	1
1811500	4
1812000	4
1812500	2
1813000	2
1813500	2
1814000	4
1814500	2
1815000	5
1815500	4
1816000	1
1816500	3
1817000	7
1817500	3
1818000	1
1819000	5
1819500	3
1820000	4
1820500	6
1821000	5
1821500	5
1822000	4
1822500	7
1823000	1
1823500	1
1824500	1
1825000	2
1825500	2
1826500	5
1827000	4
1827500	1
1828000	5
1828500	2
1829000	2
1829500	3
1830000	4
1830500	1
1831000	1
1831500	5
1832000	2
1832500	1
1833000	4
1833500	2
1834500	1
1835000	1
1835500	1
1836000	4
1836500	1
1837000	7
1837500	1
1838500	4
1839000	2
1839500	1
1840000	2
1840500	3
1841000	2
1841500	2
1842000	3
1842500	5
1843000	4
1843500	3
1844000	6
1844500	3
1845000	1
1845500	3
1846000	6
1846500	1
1847000	1
1847500	3
1848000	3
1848500	6
1849000	2
1849500	3
1850000	6
1850500	2
1851000	3
1851500	3
1852000	5
1852500	3
1853000	2
1853500	2
1854000	2
1854500	2
1855000	2
1855500	5
1856500	2
1857000	2
1857500	4
1858000	2
1858500	4
1859000	2
1859500	2
1860000	2
1860500	1
1861000	3
1861500	1
1862000	2
1862500	1
1863500	1
1864000	3
1864500	2
1865000	4
1865500	2
1866000	1
1866500	5
1867500	2
1868000	1
1868500	4
1869000	2
1869500	3
1870000	2
1870500	2
1871000	3
1872500	3
1873000	1
1873500	2
1874000	3
1875000	1
1876000	4
1876500	1
1877000	3
1877500	3
1878000	3
1878500	4
1879500	2
1880000	3
1880500	4
1881000	2
1881500	1
1882000	1
1882500	2
1883000	2
1883500	2
1885000	1
1885500	4
1886000	1
1886500	5
1887000	3
1887500	1
1888000	3
1888500	1
1889000	3
1889500	6
1890000	3
1890500	1
1891000	3
1891500	2
1892000	4
1892500	2
1893000	3
1893500	2
1894500	1
1895000	2
1895500	2
1896000	1
1896500	1
1897000	1
1897500	2
1898000	4
1898500	1
1899000	1
1899500	1
1900000	3
1901000	1
1902000	1
1902500	2
1903500	1
1904000	1
1904500	1
1906000	1
1906500	1
1907000	2
1907500	4
1908000	1
1908500	1
1909500	2
1910000	1
1910500	4
1911500	2
1912500	3
1913000	3
1914000	7
1915000	1
1916000	1
1917500	2
1918000	2
1918500	4
1919000	2
1919500	2
1920000	1
1921000	1
1922000	2
1922500	3
1923000	2
1923500	1
1924000	1
1925000	2
1926000	3
1926500	2
1927000	2
1927500	1
1928000	1
1928500	1
1929000	3
1929500	1
1930000	3
1930500	3
1931000	1
1931500	2
1933000	2
1933500	2
1934000	1
1935000	5
1935500	3
1936000	2
1936500	1
1937000	1
1938000	1
1938500	1
1939000	2
1939500	2
1940000	1
1940500	2
1941000	2
1941500	1
1942000	1
1942500	3
1943500	1
1944000	1
1945000	2
1945500	1
1946500	2
1947500	2
1948000	3
1948500	3
1949000	1
1951000	1
1952000	1
1952500	1
1953000	3
1953500	1
1954500	3
1955000	1
1956500	1
1957000	1
1957500	3
1958000	1
1958500	2
1959000	2
1959500	2
1960000	1
1960500	2
1961500	3
1962000	2
1962500	2
1963000	1
1964000	2
1964500	2
1965000	2
1966000	2
1966500	3
1968000	1
1968500	1
1969000	1
1969500	3
1970000	1
1970500	3
1971000	1
1971500	1
1972000	3
1972500	1
1973000	1
1973500	1
1974000	1
1974500	5
1977000	1
1977500	4
1978500	2
1979000	1
1980000	1
1980500	2
1981000	2
1981500	1
1982500	3
1983000	2
1983500	2
1984000	4
1984500	2
1985000	4
1986000	2
1986500	1
1987000	2
1987500	1
1988000	2
1988500	2
1989000	2
1989500	1
1990500	1
1991500	1
1993000	1
1993500	1
1994000	2
1994500	3
1996000	2
1996500	1
1997000	2
1998000	1
1998500	2
1999000	4
1999500	1
2000000	1
2000500	2
2001000	1
2001500	1
2002000	2
2002500	1
2003000	1
2004000	1
2004500	3
2005000	4
2006000	8
2006500	1
2007500	3
2008000	2
2008500	3
2009500	2
2010000	3
2010500	4
2011000	3
2012000	2
2012500	1
2013500	3
2014000	1
2014500	3
2015000	3
2015500	3
2016000	3
2016500	3
2017000	1
2017500	1
2018000	3
2018500	2
2019000	2
2020000	3
2020500	2
2021000	3
2021500	3
2022000	4
2023000	2
2023500	1
2024000	3
2025000	4
2025500	3
2026500	1
2027000	5
2028000	1
2028500	4
2029000	3
2029500	2
2030000	2
2030500	1
2031000	2
2031500	2
2032500	4
2033000	3
2033500	8
2034000	2
2034500	2
2035000	4
2035500	3
2036000	5
2036500	2
2037000	3
2037500	3
2039500	3
2040000	4
2040500	1
2041000	3
2041500	2
2042000	1
2042500	4
2043000	1
2043500	1
2044000	2
2045500	5
2046000	1
2046500	3
2047500	1
2048000	1
2048500	4
2049000	3
2049500	1
2050000	2
2051000	1
2051500	1
2052000	2
2052500	3
2053500	3
2054000	2
2054500	3
2055000	2
2056000	1
2056500	3
2057000	1
2057500	1
2058000	3
2059000	1
2059500	3
2060000	3
2060500	2
2061500	2
2062000	1
2063000	3
2063500	1
2064500	1
2065000	5
2065500	2
2066000	2
2067000	1
2067500	1
2068000	1
2068500	2
2070000	1
2071000	1
2072000	1
2072500	1
2073500	1
2074500	3
2075000	3
2075500	5
2077500	1
2078500	1
2080000	2
2080500	3
2081000	1
2081500	1
2082500	2
2083500	2
2084000	2
2085000	1
2086500	1
2087000	1
2087500	1
2088000	1
2088500	1
2090000	1
2090500	3
2091000	1
2092000	2
2092500	1
2093500	2
2094000	1
2094500	2
2095000	2
2095500	1
2096500	3
2098000	2
2100000	1
2100500	1
2101000	1
2102000	1
2102500	2
2103000	1
2104000	1
2104500	1
2105000	1
2108000	1
2108500	3
2109500	1
2113500	2
2114500	1
2115000	1
2116000	2
2117500	2
2118000	1
2119500	1
2120000	1
2121500	1
2122000	2
2122500	1
2123000	2
2124500	1
2128500	1
2129500	2
2132000	2
2134500	3
2137000	2
2137500	1
2138500	1
2140000	2
2140500	1
2141000	1
2141500	2
2143000	2
2143500	1
2144500	2
2146000	1
2146500	1
2149500	3
2151000	1
2151500	1
2152000	2
2153000	1
2156500	1
2157000	1
2158000	1
2159500	2
2160000	1
2160500	1
2161000	2
2161500	1
2163000	1
2164500	1
2165500	1
2166500	1
2167000	1
2169000	1
2169500	1
2173000	1
2173500	1
2174000	1
2175000	2
2178000	2
2181500	1
2184500	2
2185000	1
2188000	1
2189500	1
2190000	1
2190500	1
2193000	1
2195000	2
2196000	1
2196500	1
2197500	1
2199000	1
2201000	1
2202500	1
2204000	1
2206000	1
2207000	2
2207500	1
2208000	1
2209500	1
2212500	1
2215500	1
2216000	1
2217500	2
2218000	1
2219000	1
2219500	1
2221000	1
2221500	1
2222000	1
2222500	1
2223000	1
2227500	1
2228500	2
2229500	1
2230000	1
2230500	1
2231500	1
2233000	1
2234000	1
2236500	1
2238000	1
2238500	1
2239000	1
2240000	1
2243500	1
2245000	1
2246000	1
2246500	1
2247000	1
2248500	1
2251500	1
2252500	1
2253500	1
2254000	1
2254500	1
2255000	1
2259000	2
2260000	1
2260500	1
2261500	1
2262500	1
2265000	3
2265500	1
2268500	1
2270000	1
2272000	1
2272500	1
2274500	1
2276000	1
2276500	1
2278000	1
2282500	1
2284500	1
2285500	1
2287500	1
2290500	1
2291000	1
2292500	1
2293000	2
2293500	1
2294000	1
2296000	1
2296500	1
2297500	1
2299000	1
2299500	2
2300500	1
2302000	1
2311000	1
2312000	1
2312500	1
2313500	1
2314500	2
2316500	1
2318000	1
2319500	1
2321000	1
2322500	1
2323000	2
2323500	1
2327500	1
2330000	2
2331500	1
2332500	1
2335500	1
2336000	1
2337000	1
2337500	1
2339500	1
2340000	1
2340500	1
2341500	1
2343000	2
2344000	2
2345000	1
2346000	1
2346500	1
2348500	1
2349000	1
2351000	1
2352500	1
2353000	1
2354000	2
2355000	1
2355500	1
2356000	2
2358500	2
2359000	1
2363500	1
2366500	1
2367000	2
2367500	1
2368000	1
2370500	1
2371000	1
2372000	2
2373500	1
2374500	1
2375500	1
2377000	1
2380000	2
2381000	1
2386500	1
2387000	1
2389000	1
2390000	1
2391000	1
2392000	2
2393000	1
2395500	1
2396500	2
2397000	1
2398500	1
2399000	1
2400000	1
2401000	1
2401500	2
2404000	1
2406000	1
2406500	1
2407500	2
2408500	1
2411000	1
2411500	1
2413000	1
2413500	1
2415500	2
2416500	1
2419000	1
2424500	1
2425000	1
2426000	1
2426500	1
2427000	1
2429000	2
2430000	1
2432500	1
2433500	1
2434500	2
2435500	1
2436000	1
2441000	2
2443000	2
2444500	1
2445500	1
2446500	2
2447000	1
2451000	2
2451500	1
2452000	4
2452500	1
2454500	2
2456500	2
2457000	2
2459000	1
2461000	1
2461500	1
2465000	2
2467000	1
2467500	2
2468000	2
2469500	1
2475000	1
2475500	2
2476000	1
2480000	1
2481500	1
2484000	2
2486000	1
2486500	1
2487000	1
2489500	1
2490500	1
2491000	3
2491500	1
2494000	1
2498500	1
2503500	1
2504500	3
2505000	3
2506000	1
2506500	1
2508500	1
2509500	1
2510500	1
2511000	1
2511500	1
2512000	1
2514500	1
2515000	1
2515500	2
2516000	1
2517500	2
2518000	1
2519000	1
2524500	2
2526000	2
2528500	3
2529500	2
2533500	2
2535000	1
2535500	1
2536000	1
2536500	1
2538500	1
2541000	1
2541500	1
2542000	1
2542500	1
2545500	1
2546500	1
2547500	1
2548000	1
2548500	1
2549500	1
2551000	1
2551500	2
2552000	1
2552500	1
2553000	1
2554000	1
2554500	1
2556000	1
2558500	1
2561000	1
2562000	1
2563000	1
2564500	3
2567000	1
2567500	1
2568500	2
2569000	2
2569500	1
2570000	3
2570500	1
2571500	1
2572000	1
2573500	1
2574000	3
2575000	1
2575500	3
2576500	1
2578500	1
2579500	1
2581500	1
2582500	1
2583000	1
2583500	1
2584500	1
2588500	1
2589500	2
2590000	1
2592000	1
2593500	1
2597500	1
2598500	1
2599000	3
2599500	1
2600500	1
2602000	1
2602500	1
2603000	2
2603500	2
2605000	1
2606000	1
2606500	1
2607000	1
2607500	1
2608000	1
2608500	3
2609500	2
2610000	1
2611000	1
2611500	2
2612500	1
2614000	1
2619500	1
2620000	3
2621000	2
2621500	2
2622000	3
2624000	1
2625500	1
2626500	1
2628000	1
2628500	2
2629000	1
2630000	2
2631000	1
2631500	1
2632000	1
2632500	2
2633500	1
2634000	1
2635000	1
2635500	2
2636000	1
2636500	3
2637000	2
2638000	1
2638500	1
2639000	2
2640500	1
2641000	1
2642000	1
2644000	1
2645000	2
2645500	1
2647000	1
2647500	2
2648000	2
2648500	2
2649000	3
2649500	1
2650500	1
2651000	2
2652000	1
2652500	1
2654000	1
2655000	1
2655500	1
2656000	1
2656500	2
2657000	1
2657500	2
2659000	2
2659500	1
2661500	1
2662000	1
2662500	2
2663000	3
2664500	2
2666000	1
2667500	1
2668000	2
2669500	1
2670000	2
2671000	1
2671500	2
2672000	1
2672500	1
2673000	2
2673500	1
2674000	2
2674500	1
2675000	1
2675500	1
2676000	2
2676500	1
2677000	2
2677500	1
2678500	1
2679000	1
2679500	2
2680000	3
2681000	1
2682000	1
2683000	2
2683500	3
2684000	2
2684500	2
2685000	2
2685500	2
2686000	2
2686500	1
2687000	3
2687500	2
2688000	1
2688500	3
2689000	2
2689500	3
2690000	3
2690500	1
2691000	3
2691500	1
2692000	3
2692500	1
2693000	1
2693500	1
2694000	1
2694500	2
2695000	2
2695500	2
2696000	2
2697000	3
2697500	1
2698000	6
2698500	2
2699000	1
2699500	3
2700000	2
2701000	1
2701500	2
2702500	2
2703000	2
2705000	2
2705500	1
2706000	1
2706500	1
2707000	2
2707500	1
2709000	1
2709500	3
2710000	1
2710500	1
2711000	2
2711500	4
2712000	4
2712500	1
2713000	2
2713500	2
2714500	2
2715000	7
2715500	2
2716000	1
2716500	1
2717000	4
2718000	2
2718500	1
2719000	1
2720000	2
2720500	1
2721000	3
2722000	4
2722500	4
2724000	2
2724500	3
2725000	1
2726000	2
2727000	2
2728500	1
2729000	2
2729500	2
2730000	2
2730500	2
2731000	5
2732000	3
2732500	1
2733000	1
2733500	2
2734000	2
2734500	4
2735000	4
2735500	2
2736000	4
2736500	1
2737000	1
2737500	4
2738000	2
2739000	3
2739500	3
2740000	6
2740500	2
2741000	1
2741500	3
2742000	2
2742500	1
2743000	2
2743500	1
2744500	1
2745000	4
2745500	3
2746000	1
2746500	1
2747000	3
2748000	3
2748500	2
2749000	3
2749500	3
2750500	2
2751500	5
2752000	1
2752500	1
2753000	2
2753500	1
2754000	2
2754500	3
2756000	1
2756500	2
2757000	1
2758000	3
2758500	3
2759000	3
2759500	1
2760000	1
2761000	1
2761500	1
2762500	5
2763000	3
2764000	2
2764500	2
2765000	1
2765500	1
2766500	1
2767000	2
2767500	2
2768000	2
2769500	2
2770000	2
2771000	1
2771500	3
2772000	1
2772500	3
2773500	2
2774000	2
2774500	1
2775000	1
2775500	1
2776000	1
2776500	1
2777500	1
2778000	1
2778500	1
2779000	1
2780000	2
2780500	1
2781500	3
2782000	1
2782500	1
2783000	1
2784000	2
2785000	3
2787000	1
2787500	1
2788000	1
2789000	1
2789500	1
2791500	2
2793000	1
2793500	1
2794500	3
2796000	1
2796500	1
2797000	1
2797500	1
2798000	3
2798500	1
2799000	1
2800500	1
2801500	1
2802500	1
2803000	1
2805500	2
2807000	1
2808000	1
2808500	1
2809500	1
2810000	1
2810500	1
2811500	1
2813000	2
2813500	1
2814500	1
2815500	1
2817500	1
2820000	2
2820500	1
2823000	1
2824000	1
2824500	1
2825500	1
2826500	2
2829000	1
2829500	3
2832500	1
2834000	1
2834500	1
2835500	1
2841500	1
2842000	1
2842500	2
2843000	1
2843500	2
2844000	1
2845000	1
2845500	1
2846500	1
2847000	1
2848000	1
2848500	1
2849500	2
2851500	2
2853500	2
2855000	1
2857000	1
2858000	3
2859500	1
2868000	1
2869000	2
2870000	1
2874000	3
2877000	1
2877500	1
2879000	2
2881500	1
2882500	2
2883000	1
2884000	1
2887000	1
2887500	1
2888000	1
2889000	2
2890000	1
2893500	1
2895000	1
2900000	1
2900500	1
2902000	1
2904500	1
2906500	1
2910000	1
2912000	1
2915500	1
2918000	1
2919500	1
2921500	1
2922500	1
2923500	1
2924500	1
2925000	1
2925500	1
2926000	1
2929000	1
2930500	1
2932000	1
2932500	1
2935000	2
2937500	1
2939500	1
2941000	1
2941500	1
2947500	1
2950500	1
2953000	1
2953500	1
2954000	1
2955500	2
2957000	1
2965000	1
2966500	1
2970500	1
2978000	1
2979500	1
2980000	1
2988500	1
2992500	1
3000500	1
3009000	1
3012500	1
3019500	2
3020000	2
3027000	1
3032000	1
3039000	1
3042000	1
3044500	1
3051000	1
3054000	2
3057000	1
3060500	1
3063000	1
3065500	1
3067500	1
3068000	2
3069500	1
3079500	1
3081000	1
3095500	1
3097500	1
3101000	1
3123500	1
3125500	1
3130000	1
3140000	1
3145000	1
3147500	1
3173500	1
3175500	1
3176000	1
3199500	1
3201000	1
3214000	1
3232000	1
3239500	1
3267000	1
3281000	1
3349000	1
3459500	1
