# CHIME Latency Histogram - Read
# Bucket size: 500 ns
# Total samples: 21000000
# Format: latency_ns	count
3500	5
4000	428
4500	14983
5000	141085
5500	563451
6000	1250827
6500	1857255
7000	2132680
7500	2087489
8000	1883826
8500	1631064
9000	1380013
9500	1156035
10000	953071
10500	781301
11000	636881
11500	513972
12000	416565
12500	334773
13000	269779
13500	217492
14000	175597
14500	143423
15000	117736
15500	97788
16000	82685
16500	70136
17000	60876
17500	54161
18000	48425
18500	45060
19000	41203
19500	38598
20000	36855
20500	35118
21000	33838
21500	33301
22000	32497
22500	31831
23000	31537
23500	31136
24000	30493
24500	30111
25000	29928
25500	29630
26000	29870
26500	29427
27000	29295
27500	29230
28000	29351
28500	28827
29000	28866
29500	28535
30000	28656
30500	28376
31000	28294
31500	28269
32000	28062
32500	27506
33000	27414
33500	27418
34000	27414
34500	27238
35000	26498
35500	26175
36000	25723
36500	25604
37000	25450
37500	24754
38000	24719
38500	24032
39000	23565
39500	23230
40000	22393
40500	22130
41000	21455
41500	20823
42000	20385
42500	19583
43000	19009
43500	18198
44000	17479
44500	16723
45000	15981
45500	15286
46000	14588
46500	13649
47000	12649
47500	11964
48000	11130
48500	10481
49000	9683
49500	9059
50000	8301
50500	7439
51000	6973
51500	6395
52000	5878
52500	5388
53000	4912
53500	4528
54000	4098
54500	3885
55000	3651
55500	3211
56000	2920
56500	2805
57000	2618
57500	2476
58000	2284
58500	2041
59000	2051
59500	1847
60000	1816
60500	1788
61000	1657
61500	1598
62000	1634
62500	1461
63000	1448
63500	1443
64000	1370
64500	1297
65000	1261
65500	1294
66000	1243
66500	1260
67000	1222
67500	1156
68000	1113
68500	1161
69000	1085
69500	1097
70000	1068
70500	1039
71000	1043
71500	1069
72000	1004
72500	981
73000	989
73500	964
74000	923
74500	927
75000	940
75500	909
76000	935
76500	873
77000	838
77500	879
78000	843
78500	847
79000	885
79500	867
80000	803
80500	788
81000	781
81500	788
82000	767
82500	803
83000	812
83500	706
84000	732
84500	756
85000	729
85500	759
86000	770
86500	730
87000	713
87500	751
88000	714
88500	686
89000	691
89500	709
90000	679
90500	682
91000	746
91500	696
92000	704
92500	682
93000	703
93500	698
94000	717
94500	713
95000	705
95500	656
96000	711
96500	718
97000	683
97500	734
98000	716
98500	686
99000	734
99500	743
100000	700
100500	768
101000	770
101500	792
102000	754
102500	773
103000	722
103500	814
104000	773
104500	802
105000	786
105500	810
106000	840
106500	819
107000	830
107500	838
108000	817
108500	813
109000	899
109500	872
110000	819
110500	861
111000	862
111500	857
112000	840
112500	865
113000	905
113500	857
114000	957
114500	916
115000	904
115500	854
116000	928
116500	864
117000	943
117500	951
118000	973
118500	905
119000	939
119500	961
120000	959
120500	974
121000	1017
121500	997
122000	964
122500	1028
123000	990
123500	1045
124000	990
124500	1014
125000	1023
125500	1010
126000	1006
126500	1020
127000	1024
127500	1038
128000	1030
128500	1026
129000	1097
129500	1009
130000	1022
130500	993
131000	1008
131500	1038
132000	1067
132500	1062
133000	1071
133500	1047
134000	1099
134500	1004
135000	1084
135500	1026
136000	1001
136500	1069
137000	998
137500	1023
138000	1085
138500	1055
139000	1034
139500	1032
140000	1018
140500	1069
141000	1024
141500	1000
142000	988
142500	993
143000	970
143500	978
144000	1051
144500	1048
145000	1030
145500	995
146000	960
146500	990
147000	977
147500	1019
148000	1011
148500	968
149000	1000
149500	997
150000	963
150500	968
151000	957
151500	925
152000	924
152500	948
153000	1008
153500	968
154000	961
154500	946
155000	898
155500	894
156000	917
156500	902
157000	877
157500	893
158000	871
158500	890
159000	855
159500	838
160000	921
160500	857
161000	877
161500	872
162000	838
162500	825
163000	844
163500	811
164000	781
164500	823
165000	784
165500	809
166000	764
166500	789
167000	799
167500	748
168000	752
168500	755
169000	758
169500	731
170000	742
170500	700
171000	695
171500	703
172000	720
172500	685
173000	713
173500	711
174000	668
174500	649
175000	672
175500	659
176000	596
176500	550
177000	626
177500	588
178000	609
178500	609
179000	600
179500	535
180000	553
180500	549
181000	524
181500	516
182000	569
182500	525
183000	487
183500	519
184000	523
184500	507
185000	485
185500	505
186000	477
186500	451
187000	448
187500	453
188000	422
188500	476
189000	399
189500	437
190000	419
190500	401
191000	394
191500	409
192000	409
192500	410
193000	377
193500	414
194000	377
194500	359
195000	366
195500	362
196000	339
196500	335
197000	347
197500	329
198000	271
198500	319
199000	302
199500	311
200000	303
200500	295
201000	252
201500	288
202000	266
202500	251
203000	273
203500	239
204000	234
204500	239
205000	221
205500	223
206000	231
206500	250
207000	233
207500	197
208000	199
208500	192
209000	190
209500	217
210000	188
210500	180
211000	165
211500	186
212000	194
212500	181
213000	139
213500	135
214000	152
214500	140
215000	162
215500	129
216000	124
216500	156
217000	128
217500	127
218000	122
218500	124
219000	112
219500	110
220000	103
220500	107
221000	121
221500	118
222000	92
222500	118
223000	105
223500	75
224000	99
224500	95
225000	98
225500	91
226000	83
226500	86
227000	65
227500	64
228000	62
228500	79
229000	72
229500	69
230000	82
230500	53
231000	73
231500	61
232000	64
232500	51
233000	51
233500	66
234000	47
234500	47
235000	47
235500	46
236000	57
236500	49
237000	47
237500	54
238000	39
238500	38
239000	37
239500	25
240000	24
240500	30
241000	37
241500	36
242000	27
242500	38
243000	33
243500	38
244000	29
244500	26
245000	34
245500	29
246000	26
246500	31
247000	35
247500	23
248000	20
248500	23
249000	27
249500	24
250000	16
250500	21
251000	27
251500	13
252000	20
252500	21
253000	28
253500	9
254000	16
254500	14
255000	10
255500	14
256000	10
256500	12
257000	12
257500	14
258000	11
258500	12
259000	12
259500	10
260000	7
260500	12
261000	6
261500	13
262000	11
262500	12
263000	13
263500	8
264000	7
264500	5
265000	1
265500	7
266000	4
266500	12
267000	11
267500	8
268000	8
268500	6
269000	8
269500	4
270000	6
270500	4
271000	7
271500	8
272000	9
272500	7
273000	6
273500	6
274000	4
274500	3
275000	4
275500	2
276000	5
276500	5
277000	4
277500	3
278000	2
278500	4
279000	1
279500	4
280000	1
280500	1
281000	6
281500	3
282000	4
282500	2
283000	2
283500	2
284000	1
284500	3
285000	4
285500	1
286000	5
286500	2
287000	1
287500	3
288000	1
288500	7
289500	2
290000	2
291000	1
291500	2
292000	2
292500	1
293000	3
293500	2
295000	2
296000	1
297000	2
297500	3
298000	1
299000	2
300000	1
300500	1
301500	1
303000	1
303500	1
308500	3
309000	1
310000	1
312000	2
312500	1
315500	1
318000	1
320000	1
320500	1
328000	1
329000	1
329500	1
334500	1
335000	1
578500	1
