# CHIME Latency Histogram - Range
# Bucket size: 500 ns
# Total samples: 9000000
# Format: latency_ns	count
40000	2
41500	1
42000	4
42500	2
43500	5
44000	1
44500	5
45000	3
45500	2
46000	4
46500	2
47000	7
47500	5
48000	11
48500	12
49000	11
49500	20
50000	23
50500	17
51000	31
51500	36
52000	30
52500	43
53000	33
53500	38
54000	54
54500	47
55000	58
55500	67
56000	69
56500	82
57000	92
57500	113
58000	96
58500	107
59000	139
59500	137
60000	120
60500	147
61000	174
61500	192
62000	224
62500	221
63000	262
63500	289
64000	257
64500	307
65000	344
65500	321
66000	366
66500	405
67000	466
67500	441
68000	492
68500	508
69000	521
69500	585
70000	610
70500	610
71000	649
71500	719
72000	766
72500	749
73000	869
73500	854
74000	889
74500	1000
75000	1003
75500	1091
76000	1076
76500	1125
77000	1270
77500	1254
78000	1226
78500	1349
79000	1357
79500	1357
80000	1355
80500	1481
81000	1521
81500	1550
82000	1609
82500	1622
83000	1666
83500	1732
84000	1638
84500	1780
85000	1920
85500	1875
86000	1960
86500	1863
87000	1847
87500	1993
88000	2044
88500	2085
89000	2209
89500	2145
90000	2129
90500	2244
91000	2313
91500	2356
92000	2286
92500	2377
93000	2369
93500	2463
94000	2578
94500	2659
95000	2620
95500	2654
96000	2739
96500	2815
97000	2800
97500	2856
98000	2941
98500	2796
99000	2923
99500	3005
100000	3059
100500	3019
101000	3148
101500	3143
102000	3163
102500	3103
103000	3189
103500	3228
104000	3275
104500	3342
105000	3337
105500	3268
106000	3338
106500	3430
107000	3375
107500	3456
108000	3392
108500	3435
109000	3472
109500	3495
110000	3532
110500	3566
111000	3523
111500	3538
112000	3559
112500	3643
113000	3572
113500	3597
114000	3582
114500	3689
115000	3791
115500	3637
116000	3648
116500	3788
117000	3730
117500	3687
118000	3768
118500	3863
119000	3789
119500	3808
120000	3899
120500	3870
121000	3930
121500	3804
122000	3999
122500	3951
123000	3927
123500	4160
124000	4113
124500	4050
125000	4114
125500	4139
126000	4053
126500	4269
127000	4129
127500	4175
128000	4282
128500	4246
129000	4219
129500	4345
130000	4395
130500	4488
131000	4474
131500	4398
132000	4609
132500	4480
133000	4600
133500	4819
134000	4673
134500	4741
135000	4668
135500	4942
136000	4724
136500	4869
137000	4899
137500	4928
138000	4945
138500	4879
139000	5011
139500	5026
140000	5192
140500	5190
141000	5165
141500	5236
142000	5171
142500	5420
143000	5377
143500	5311
144000	5407
144500	5524
145000	5497
145500	5540
146000	5679
146500	5589
147000	5696
147500	5674
148000	5801
148500	5883
149000	5886
149500	5841
150000	6055
150500	6019
151000	6009
151500	6089
152000	6115
152500	6199
153000	6265
153500	6151
154000	6294
154500	6432
155000	6413
155500	6482
156000	6661
156500	6554
157000	6741
157500	6768
158000	6542
158500	6725
159000	6902
159500	6683
160000	7031
160500	6936
161000	7036
161500	7146
162000	7158
162500	7122
163000	7196
163500	7248
164000	7364
164500	7087
165000	7441
165500	7293
166000	7383
166500	7404
167000	7509
167500	7406
168000	7435
168500	7711
169000	7665
169500	7454
170000	7765
170500	7814
171000	7813
171500	7873
172000	7865
172500	7869
173000	7826
173500	7836
174000	7982
174500	7808
175000	8027
175500	7987
176000	8114
176500	8222
177000	7995
177500	8107
178000	8118
178500	8125
179000	8223
179500	8101
180000	8288
180500	8399
181000	8070
181500	8230
182000	8385
182500	8332
183000	8230
183500	8257
184000	8356
184500	8308
185000	8316
185500	8362
186000	8397
186500	8263
187000	8318
187500	8278
188000	8297
188500	8150
189000	8282
189500	8313
190000	8364
190500	8346
191000	8266
191500	8159
192000	8254
192500	8346
193000	8145
193500	8292
194000	8152
194500	8379
195000	8191
195500	8179
196000	8290
196500	8229
197000	8375
197500	8110
198000	7973
198500	8146
199000	8118
199500	8092
200000	8022
200500	8105
201000	7884
201500	7860
202000	7909
202500	7975
203000	7801
203500	7805
204000	7760
204500	7799
205000	7865
205500	7735
206000	7785
206500	7769
207000	7634
207500	7601
208000	7657
208500	7507
209000	7516
209500	7642
210000	7575
210500	7432
211000	7403
211500	7414
212000	7281
212500	7279
213000	7316
213500	7327
214000	7146
214500	7186
215000	7259
215500	7208
216000	7016
216500	7077
217000	6966
217500	6935
218000	6908
218500	7080
219000	6802
219500	6723
220000	6857
220500	6833
221000	6591
221500	6719
222000	6493
222500	6610
223000	6474
223500	6463
224000	6458
224500	6378
225000	6315
225500	6187
226000	6482
226500	6237
227000	6225
227500	6255
228000	6196
228500	5998
229000	6091
229500	5986
230000	6059
230500	5931
231000	6041
231500	5866
232000	5694
232500	5793
233000	5780
233500	5669
234000	5689
234500	5577
235000	5536
235500	5661
236000	5451
236500	5439
237000	5433
237500	5450
238000	5356
238500	5310
239000	5294
239500	5177
240000	5278
240500	5223
241000	5081
241500	5166
242000	5092
242500	5000
243000	4953
243500	5032
244000	4756
244500	4963
245000	4899
245500	4929
246000	4859
246500	4659
247000	4822
247500	4669
248000	4647
248500	4613
249000	4524
249500	4461
250000	4574
250500	4442
251000	4404
251500	4432
252000	4395
252500	4305
253000	4305
253500	4155
254000	4320
254500	4212
255000	4170
255500	4202
256000	4277
256500	4169
257000	4144
257500	4134
258000	3963
258500	4023
259000	4025
259500	4059
260000	3900
260500	3940
261000	3967
261500	3807
262000	3842
262500	3980
263000	3784
263500	3749
264000	3797
264500	3853
265000	3710
265500	3569
266000	3764
266500	3606
267000	3710
267500	3678
268000	3674
268500	3550
269000	3546
269500	3538
270000	3678
270500	3491
271000	3451
271500	3545
272000	3578
272500	3615
273000	3453
273500	3490
274000	3506
274500	3486
275000	3515
275500	3427
276000	3364
276500	3554
277000	3400
277500	3448
278000	3459
278500	3442
279000	3325
279500	3313
280000	3363
280500	3349
281000	3275
281500	3324
282000	3324
282500	3460
283000	3438
283500	3283
284000	3415
284500	3300
285000	3339
285500	3265
286000	3217
286500	3327
287000	3295
287500	3291
288000	3254
288500	3341
289000	3395
289500	3209
290000	3359
290500	3217
291000	3284
291500	3227
292000	3309
292500	3275
293000	3361
293500	3281
294000	3267
294500	3267
295000	3248
295500	3219
296000	3197
296500	3419
297000	3256
297500	3168
298000	3302
298500	3333
299000	3338
299500	3260
300000	3243
300500	3212
301000	3307
301500	3384
302000	3345
302500	3259
303000	3231
303500	3223
304000	3390
304500	3363
305000	3223
305500	3253
306000	3281
306500	3281
307000	3301
307500	3252
308000	3334
308500	3340
309000	3371
309500	3379
310000	3286
310500	3363
311000	3320
311500	3400
312000	3353
312500	3328
313000	3381
313500	3475
314000	3189
314500	3319
315000	3365
315500	3338
316000	3404
316500	3321
317000	3375
317500	3371
318000	3384
318500	3404
319000	3424
319500	3366
320000	3468
320500	3428
321000	3423
321500	3327
322000	3401
322500	3544
323000	3321
323500	3471
324000	3357
324500	3501
325000	3496
325500	3480
326000	3504
326500	3506
327000	3466
327500	3540
328000	3552
328500	3500
329000	3542
329500	3531
330000	3470
330500	3411
331000	3565
331500	3546
332000	3519
332500	3541
333000	3471
333500	3530
334000	3581
334500	3468
335000	3533
335500	3615
336000	3673
336500	3567
337000	3515
337500	3665
338000	3606
338500	3724
339000	3638
339500	3528
340000	3633
340500	3725
341000	3652
341500	3680
342000	3593
342500	3652
343000	3698
343500	3570
344000	3753
344500	3637
345000	3768
345500	3649
346000	3694
346500	3716
347000	3743
347500	3681
348000	3683
348500	3641
349000	3747
349500	3844
350000	3931
350500	3821
351000	3850
351500	3827
352000	3828
352500	3745
353000	3738
353500	3731
354000	3758
354500	3857
355000	3879
355500	3829
356000	3941
356500	3847
357000	3946
357500	3777
358000	3798
358500	3855
359000	3910
359500	3857
360000	3693
360500	3917
361000	3878
361500	3843
362000	4042
362500	3824
363000	3942
363500	3960
364000	3828
364500	3897
365000	4127
365500	3893
366000	3895
366500	3953
367000	4050
367500	4050
368000	3926
368500	4025
369000	4061
369500	3943
370000	4020
370500	4107
371000	4086
371500	3919
372000	4085
372500	4073
373000	3982
373500	4064
374000	3965
374500	3997
375000	3997
375500	3986
376000	4106
376500	4140
377000	4089
377500	4070
378000	4081
378500	4147
379000	4071
379500	4105
380000	3956
380500	4156
381000	4158
381500	4108
382000	4059
382500	4168
383000	4052
383500	4169
384000	4157
384500	4209
385000	4271
385500	4214
386000	4153
386500	4055
387000	4175
387500	4277
388000	4253
388500	4212
389000	4097
389500	4361
390000	4247
390500	4251
391000	4318
391500	4425
392000	4300
392500	4251
393000	4387
393500	4384
394000	4276
394500	4373
395000	4411
395500	4217
396000	4446
396500	4369
397000	4518
397500	4455
398000	4409
398500	4346
399000	4473
399500	4493
400000	4429
400500	4415
401000	4340
401500	4476
402000	4352
402500	4375
403000	4552
403500	4414
404000	4494
404500	4535
405000	4455
405500	4468
406000	4497
406500	4516
407000	4484
407500	4573
408000	4397
408500	4584
409000	4571
409500	4457
410000	4545
410500	4510
411000	4664
411500	4550
412000	4579
412500	4572
413000	4579
413500	4586
414000	4596
414500	4662
415000	4685
415500	4606
416000	4552
416500	4573
417000	4688
417500	4575
418000	4759
418500	4641
419000	4790
419500	4595
420000	4638
420500	4750
421000	4621
421500	4756
422000	4784
422500	4712
423000	4690
423500	4729
424000	4698
424500	4739
425000	4725
425500	4762
426000	4692
426500	4827
427000	4760
427500	4804
428000	4804
428500	4770
429000	4890
429500	4670
430000	4922
430500	4828
431000	4883
431500	4939
432000	4927
432500	4854
433000	4814
433500	4757
434000	4862
434500	4825
435000	4857
435500	4898
436000	4918
436500	4888
437000	4853
437500	4975
438000	4975
438500	4995
439000	4998
439500	4991
440000	5011
440500	4889
441000	4969
441500	5174
442000	5048
442500	5112
443000	4924
443500	5068
444000	4881
444500	5022
445000	5095
445500	4935
446000	5064
446500	4884
447000	5191
447500	5031
448000	5043
448500	5115
449000	5097
449500	5170
450000	5130
450500	5255
451000	5020
451500	5171
452000	5145
452500	5261
453000	5205
453500	5183
454000	5148
454500	5040
455000	5200
455500	5142
456000	5189
456500	5136
457000	5122
457500	5158
458000	5320
458500	5339
459000	5260
459500	5334
460000	5109
460500	5368
461000	5137
461500	5382
462000	5352
462500	5237
463000	5172
463500	5335
464000	5297
464500	5372
465000	5397
465500	5383
466000	5386
466500	5497
467000	5351
467500	5425
468000	5379
468500	5370
469000	5402
469500	5477
470000	5475
470500	5522
471000	5399
471500	5431
472000	5457
472500	5571
473000	5535
473500	5383
474000	5386
474500	5432
475000	5410
475500	5469
476000	5405
476500	5431
477000	5477
477500	5600
478000	5608
478500	5492
479000	5548
479500	5438
480000	5522
480500	5500
481000	5543
481500	5685
482000	5637
482500	5520
483000	5593
483500	5670
484000	5630
484500	5521
485000	5594
485500	5634
486000	5542
486500	5650
487000	5601
487500	5731
488000	5656
488500	5566
489000	5636
489500	5653
490000	5717
490500	5729
491000	5649
491500	5727
492000	5611
492500	5740
493000	5780
493500	5698
494000	5835
494500	5818
495000	5748
495500	5684
496000	5724
496500	5731
497000	5747
497500	5664
498000	5824
498500	5758
499000	5742
499500	5739
500000	5759
500500	5953
501000	5892
501500	5946
502000	5693
502500	5841
503000	5836
503500	5923
504000	5905
504500	5858
505000	5934
505500	5827
506000	5762
506500	5812
507000	5806
507500	5772
508000	5934
508500	5828
509000	5825
509500	5834
510000	5959
510500	5800
511000	5854
511500	5897
512000	5923
512500	5847
513000	5891
513500	5914
514000	5998
514500	5953
515000	5951
515500	5970
516000	6038
516500	6028
517000	6003
517500	5942
518000	5921
518500	5906
519000	6097
519500	5932
520000	5983
520500	5994
521000	5953
521500	5983
522000	6055
522500	6049
523000	6021
523500	5966
524000	5986
524500	6090
525000	6135
525500	6017
526000	5980
526500	5923
527000	6154
527500	6024
528000	6070
528500	6071
529000	6150
529500	6047
530000	6283
530500	6046
531000	6129
531500	6068
532000	6288
532500	6098
533000	6072
533500	5955
534000	6018
534500	6099
535000	5910
535500	6066
536000	6295
536500	6144
537000	6143
537500	6139
538000	6122
538500	6248
539000	6162
539500	6041
540000	6100
540500	6192
541000	6087
541500	6050
542000	6197
542500	6206
543000	6094
543500	6035
544000	6234
544500	6165
545000	6103
545500	6071
546000	6213
546500	6153
547000	6186
547500	6160
548000	6160
548500	6087
549000	6147
549500	6138
550000	6163
550500	6148
551000	6161
551500	6131
552000	6226
552500	6251
553000	6096
553500	6331
554000	6121
554500	6243
555000	6147
555500	6179
556000	6173
556500	6176
557000	6212
557500	6299
558000	6073
558500	6301
559000	6184
559500	6077
560000	6216
560500	6148
561000	6160
561500	6170
562000	6116
562500	6123
563000	6133
563500	6310
564000	6182
564500	6299
565000	6297
565500	6087
566000	6298
566500	6156
567000	6207
567500	6309
568000	6271
568500	6169
569000	6108
569500	6139
570000	6265
570500	6062
571000	6276
571500	6240
572000	6233
572500	6216
573000	6197
573500	6203
574000	6120
574500	6081
575000	6314
575500	6062
576000	6182
576500	6203
577000	6296
577500	6272
578000	6249
578500	6039
579000	6146
579500	6273
580000	6273
580500	6190
581000	6126
581500	6060
582000	6347
582500	6195
583000	6402
583500	6284
584000	6159
584500	6151
585000	6199
585500	6103
586000	6230
586500	6267
587000	6326
587500	6218
588000	6144
588500	6093
589000	6205
589500	6146
590000	6192
590500	6251
591000	6063
591500	6209
592000	6001
592500	6238
593000	6308
593500	6324
594000	6190
594500	6193
595000	6223
595500	6138
596000	6141
596500	6270
597000	6110
597500	6373
598000	6241
598500	6222
599000	6088
599500	6102
600000	6258
600500	6146
601000	6265
601500	6161
602000	6132
602500	6341
603000	6197
603500	6173
604000	6168
604500	6109
605000	6155
605500	6006
606000	6155
606500	6038
607000	6087
607500	6025
608000	6145
608500	6082
609000	6246
609500	6122
610000	6099
610500	6017
611000	6108
611500	6087
612000	6168
612500	6202
613000	6077
613500	6139
614000	6127
614500	6145
615000	5969
615500	6082
616000	6077
616500	6082
617000	6052
617500	6016
618000	6001
618500	6116
619000	6137
619500	6028
620000	6084
620500	6160
621000	6034
621500	6077
622000	6020
622500	6099
623000	6070
623500	6176
624000	6084
624500	6074
625000	6221
625500	6166
626000	6078
626500	6040
627000	6034
627500	6037
628000	6138
628500	6012
629000	6117
629500	6182
630000	6064
630500	6018
631000	6028
631500	5979
632000	6119
632500	5857
633000	6092
633500	6034
634000	5998
634500	5928
635000	6060
635500	5908
636000	6089
636500	5874
637000	5934
637500	6001
638000	5989
638500	6019
639000	5915
639500	5960
640000	6036
640500	5989
641000	6005
641500	6064
642000	5917
642500	6055
643000	5871
643500	6023
644000	5910
644500	5983
645000	6013
645500	5920
646000	5838
646500	5802
647000	5927
647500	5925
648000	5944
648500	5879
649000	5942
649500	5848
650000	5912
650500	5868
651000	5919
651500	5988
652000	5918
652500	5815
653000	5874
653500	5831
654000	5852
654500	5846
655000	5758
655500	5911
656000	5802
656500	5794
657000	5837
657500	5728
658000	5760
658500	5857
659000	5883
659500	5807
660000	5819
660500	5801
661000	5840
661500	5835
662000	5766
662500	5843
663000	5875
663500	5745
664000	5614
664500	5795
665000	5812
665500	5784
666000	5781
666500	5819
667000	5767
667500	5677
668000	5850
668500	5839
669000	5669
669500	5517
670000	5759
670500	5744
671000	5777
671500	5624
672000	5938
672500	5614
673000	5737
673500	5583
674000	5626
674500	5650
675000	5549
675500	5648
676000	5775
676500	5598
677000	5576
677500	5695
678000	5520
678500	5593
679000	5675
679500	5668
680000	5556
680500	5543
681000	5454
681500	5616
682000	5527
682500	5527
683000	5525
683500	5544
684000	5541
684500	5657
685000	5509
685500	5678
686000	5515
686500	5450
687000	5565
687500	5575
688000	5568
688500	5501
689000	5556
689500	5575
690000	5398
690500	5368
691000	5466
691500	5564
692000	5524
692500	5451
693000	5594
693500	5398
694000	5522
694500	5432
695000	5510
695500	5353
696000	5503
696500	5377
697000	5265
697500	5402
698000	5369
698500	5410
699000	5488
699500	5451
700000	5420
700500	5319
701000	5412
701500	5415
702000	5361
702500	5337
703000	5298
703500	5335
704000	5317
704500	5393
705000	5280
705500	5227
706000	5312
706500	5419
707000	5214
707500	5261
708000	5233
708500	5257
709000	5139
709500	5191
710000	5140
710500	5270
711000	5170
711500	5298
712000	5207
712500	5317
713000	5167
713500	5170
714000	5122
714500	5256
715000	5309
715500	5282
716000	5137
716500	5236
717000	5182
717500	5240
718000	5234
718500	5094
719000	5085
719500	5195
720000	5129
720500	5227
721000	4942
721500	5114
722000	5162
722500	5260
723000	5026
723500	5108
724000	5086
724500	4918
725000	5075
725500	4991
726000	5112
726500	5001
727000	5064
727500	5042
728000	4987
728500	4970
729000	5008
729500	4959
730000	4985
730500	5134
731000	5009
731500	5012
732000	5021
732500	4955
733000	4982
733500	4905
734000	4976
734500	4884
735000	4949
735500	4945
736000	4889
736500	4857
737000	4957
737500	4920
738000	4878
738500	4917
739000	4958
739500	4874
740000	4855
740500	4815
741000	4824
741500	4736
742000	4811
742500	4910
743000	4841
743500	4662
744000	4938
744500	4725
745000	4816
745500	4783
746000	4768
746500	4825
747000	4757
747500	4697
748000	4771
748500	4642
749000	4708
749500	4768
750000	4668
750500	4718
751000	4663
751500	4747
752000	4652
752500	4792
753000	4651
753500	4679
754000	4604
754500	4659
755000	4741
755500	4589
756000	4724
756500	4575
757000	4585
757500	4558
758000	4586
758500	4547
759000	4639
759500	4678
760000	4540
760500	4612
761000	4530
761500	4581
762000	4549
762500	4600
763000	4587
763500	4497
764000	4429
764500	4537
765000	4496
765500	4395
766000	4418
766500	4540
767000	4442
767500	4418
768000	4486
768500	4425
769000	4399
769500	4449
770000	4452
770500	4431
771000	4401
771500	4435
772000	4352
772500	4532
773000	4266
773500	4458
774000	4370
774500	4457
775000	4506
775500	4295
776000	4375
776500	4366
777000	4364
777500	4263
778000	4188
778500	4250
779000	4292
779500	4390
780000	4468
780500	4195
781000	4258
781500	4326
782000	4237
782500	4287
783000	4284
783500	4370
784000	4276
784500	4256
785000	4235
785500	4125
786000	4214
786500	4150
787000	4213
787500	4164
788000	4133
788500	4179
789000	4088
789500	4058
790000	4233
790500	4151
791000	4246
791500	4085
792000	4147
792500	4231
793000	4130
793500	4157
794000	4067
794500	4033
795000	4076
795500	3979
796000	4031
796500	4047
797000	4061
797500	3896
798000	4009
798500	3995
799000	4041
799500	3977
800000	3920
800500	3934
801000	3873
801500	3979
802000	3996
802500	4018
803000	4080
803500	3978
804000	3916
804500	3934
805000	3804
805500	3845
806000	3866
806500	3792
807000	3914
807500	3892
808000	3921
808500	3930
809000	3985
809500	3735
810000	3879
810500	3702
811000	3759
811500	3894
812000	3818
812500	3837
813000	3885
813500	3777
814000	3819
814500	3791
815000	3835
815500	3737
816000	3707
816500	3847
817000	3803
817500	3685
818000	3836
818500	3709
819000	3715
819500	3731
820000	3731
820500	3675
821000	3710
821500	3768
822000	3683
822500	3610
823000	3675
823500	3710
824000	3610
824500	3731
825000	3594
825500	3541
826000	3607
826500	3610
827000	3634
827500	3550
828000	3714
828500	3621
829000	3644
829500	3511
830000	3611
830500	3614
831000	3582
831500	3564
832000	3491
832500	3514
833000	3533
833500	3558
834000	3448
834500	3518
835000	3429
835500	3430
836000	3560
836500	3455
837000	3496
837500	3506
838000	3436
838500	3479
839000	3453
839500	3452
840000	3403
840500	3511
841000	3392
841500	3458
842000	3400
842500	3363
843000	3325
843500	3472
844000	3363
844500	3392
845000	3327
845500	3337
846000	3449
846500	3371
847000	3305
847500	3199
848000	3308
848500	3202
849000	3261
849500	3414
850000	3251
850500	3268
851000	3295
851500	3280
852000	3254
852500	3210
853000	3211
853500	3212
854000	3195
854500	3294
855000	3143
855500	3163
856000	3227
856500	3145
857000	3212
857500	3270
858000	3237
858500	3155
859000	3116
859500	3114
860000	3145
860500	3162
861000	3116
861500	3166
862000	3108
862500	3075
863000	3116
863500	3046
864000	3130
864500	3187
865000	3106
865500	3025
866000	3206
866500	3100
867000	3070
867500	3141
868000	3057
868500	3132
869000	2946
869500	2961
870000	2993
870500	3038
871000	3005
871500	3050
872000	3050
872500	2963
873000	3002
873500	3001
874000	3037
874500	2978
875000	2907
875500	2888
876000	2895
876500	2900
877000	2869
877500	2933
878000	2874
878500	2898
879000	3014
879500	2793
880000	2891
880500	2929
881000	2915
881500	2857
882000	2804
882500	2880
883000	2872
883500	2915
884000	2820
884500	2978
885000	2846
885500	2744
886000	2772
886500	2856
887000	2802
887500	2807
888000	2855
888500	2800
889000	2770
889500	2704
890000	2842
890500	2750
891000	2678
891500	2704
892000	2787
892500	2798
893000	2652
893500	2682
894000	2691
894500	2685
895000	2683
895500	2706
896000	2810
896500	2637
897000	2651
897500	2725
898000	2717
898500	2675
899000	2533
899500	2590
900000	2616
900500	2704
901000	2601
901500	2638
902000	2572
902500	2601
903000	2723
903500	2574
904000	2664
904500	2659
905000	2617
905500	2531
906000	2515
906500	2539
907000	2589
907500	2646
908000	2536
908500	2490
909000	2598
909500	2443
910000	2582
910500	2639
911000	2497
911500	2529
912000	2490
912500	2532
913000	2467
913500	2447
914000	2454
914500	2487
915000	2555
915500	2349
916000	2527
916500	2389
917000	2544
917500	2470
918000	2337
918500	2412
919000	2459
919500	2383
920000	2392
920500	2430
921000	2500
921500	2377
922000	2322
922500	2416
923000	2261
923500	2413
924000	2313
924500	2278
925000	2398
925500	2260
926000	2415
926500	2256
927000	2293
927500	2357
928000	2378
928500	2284
929000	2335
929500	2285
930000	2367
930500	2349
931000	2235
931500	2284
932000	2288
932500	2257
933000	2231
933500	2270
934000	2270
934500	2247
935000	2324
935500	2238
936000	2120
936500	2276
937000	2216
937500	2151
938000	2153
938500	2231
939000	2154
939500	2145
940000	2201
940500	2202
941000	2104
941500	2105
942000	2049
942500	2178
943000	2114
943500	2107
944000	2147
944500	2267
945000	2119
945500	2289
946000	2173
946500	2095
947000	2095
947500	2175
948000	2087
948500	2151
949000	2092
949500	2109
950000	2086
950500	2037
951000	2129
951500	2127
952000	2025
952500	2155
953000	2069
953500	2056
954000	2087
954500	1965
955000	1983
955500	2123
956000	1970
956500	2031
957000	2014
957500	1959
958000	1971
958500	2006
959000	2021
959500	2002
960000	1943
960500	2077
961000	1994
961500	1961
962000	2017
962500	1917
963000	1996
963500	1996
964000	1982
964500	1887
965000	1974
965500	1970
966000	1908
966500	1888
967000	1925
967500	2025
968000	1870
968500	1869
969000	1985
969500	1878
970000	1841
970500	1938
971000	1904
971500	1876
972000	1914
972500	1875
973000	1885
973500	1788
974000	1891
974500	1843
975000	1928
975500	1833
976000	1795
976500	1915
977000	1917
977500	1855
978000	1771
978500	1849
979000	1799
979500	1724
980000	1797
980500	1860
981000	1738
981500	1847
982000	1854
982500	1774
983000	1743
983500	1782
984000	1755
984500	1822
985000	1828
985500	1793
986000	1821
986500	1736
987000	1692
987500	1684
988000	1774
988500	1740
989000	1721
989500	1729
990000	1722
990500	1707
991000	1694
991500	1713
992000	1733
992500	1675
993000	1647
993500	1590
994000	1632
994500	1634
995000	1597
995500	1684
996000	1673
996500	1615
997000	1675
997500	1637
998000	1606
998500	1629
999000	1602
999500	1663
1000000	1672
1000500	1667
1001000	1541
1001500	1665
1002000	1575
1002500	1608
1003000	1670
1003500	1602
1004000	1668
1004500	1542
1005000	1592
1005500	1587
1006000	1592
1006500	1540
1007000	1563
1007500	1527
1008000	1632
1008500	1639
1009000	1525
1009500	1543
1010000	1572
1010500	1515
1011000	1497
1011500	1611
1012000	1584
1012500	1582
1013000	1560
1013500	1577
1014000	1519
1014500	1584
1015000	1554
1015500	1521
1016000	1525
1016500	1514
1017000	1436
1017500	1531
1018000	1457
1018500	1566
1019000	1488
1019500	1485
1020000	1425
1020500	1423
1021000	1451
1021500	1469
1022000	1393
1022500	1428
1023000	1483
1023500	1423
1024000	1367
1024500	1454
1025000	1438
1025500	1460
1026000	1473
1026500	1397
1027000	1518
1027500	1490
1028000	1368
1028500	1463
1029000	1467
1029500	1393
1030000	1344
1030500	1399
1031000	1382
1031500	1451
1032000	1384
1032500	1398
1033000	1373
1033500	1385
1034000	1330
1034500	1353
1035000	1352
1035500	1291
1036000	1384
1036500	1387
1037000	1385
1037500	1326
1038000	1355
1038500	1300
1039000	1328
1039500	1324
1040000	1347
1040500	1340
1041000	1293
1041500	1360
1042000	1264
1042500	1325
1043000	1278
1043500	1279
1044000	1280
1044500	1306
1045000	1282
1045500	1351
1046000	1254
1046500	1330
1047000	1306
1047500	1198
1048000	1246
1048500	1284
1049000	1233
1049500	1215
1050000	1258
1050500	1237
1051000	1213
1051500	1208
1052000	1258
1052500	1311
1053000	1249
1053500	1238
1054000	1239
1054500	1235
1055000	1212
1055500	1226
1056000	1206
1056500	1249
1057000	1223
1057500	1217
1058000	1175
1058500	1154
1059000	1220
1059500	1165
1060000	1180
1060500	1244
1061000	1152
1061500	1181
1062000	1144
1062500	1231
1063000	1203
1063500	1179
1064000	1162
1064500	1112
1065000	1151
1065500	1180
1066000	1159
1066500	1123
1067000	1190
1067500	1136
1068000	1139
1068500	1156
1069000	1129
1069500	1124
1070000	1141
1070500	1075
1071000	1132
1071500	1110
1072000	1153
1072500	1057
1073000	1153
1073500	1116
1074000	1050
1074500	1097
1075000	1106
1075500	1096
1076000	1117
1076500	1050
1077000	1029
1077500	1146
1078000	1060
1078500	1071
1079000	1050
1079500	1038
1080000	1074
1080500	1038
1081000	1086
1081500	1048
1082000	1009
1082500	1012
1083000	1057
1083500	1031
1084000	1036
1084500	1045
1085000	1002
1085500	955
1086000	1018
1086500	1045
1087000	958
1087500	974
1088000	1061
1088500	947
1089000	1029
1089500	1002
1090000	990
1090500	1014
1091000	974
1091500	954
1092000	1006
1092500	977
1093000	973
1093500	949
1094000	924
1094500	957
1095000	983
1095500	981
1096000	914
1096500	929
1097000	929
1097500	984
1098000	937
1098500	923
1099000	937
1099500	931
1100000	924
1100500	931
1101000	886
1101500	927
1102000	935
1102500	931
1103000	907
1103500	926
1104000	922
1104500	949
1105000	935
1105500	922
1106000	897
1106500	918
1107000	888
1107500	918
1108000	899
1108500	834
1109000	890
1109500	931
1110000	883
1110500	923
1111000	906
1111500	861
1112000	869
1112500	859
1113000	856
1113500	827
1114000	824
1114500	868
1115000	888
1115500	858
1116000	821
1116500	817
1117000	800
1117500	822
1118000	864
1118500	811
1119000	802
1119500	821
1120000	821
1120500	769
1121000	852
1121500	834
1122000	806
1122500	793
1123000	773
1123500	836
1124000	822
1124500	802
1125000	800
1125500	750
1126000	782
1126500	773
1127000	784
1127500	866
1128000	802
1128500	787
1129000	798
1129500	764
1130000	724
1130500	767
1131000	732
1131500	738
1132000	737
1132500	790
1133000	753
1133500	785
1134000	738
1134500	768
1135000	727
1135500	710
1136000	692
1136500	700
1137000	752
1137500	745
1138000	692
1138500	737
1139000	738
1139500	719
1140000	674
1140500	704
1141000	732
1141500	734
1142000	716
1142500	749
1143000	716
1143500	687
1144000	653
1144500	734
1145000	709
1145500	681
1146000	666
1146500	684
1147000	703
1147500	660
1148000	627
1148500	668
1149000	683
1149500	649
1150000	665
1150500	662
1151000	679
1151500	647
1152000	746
1152500	639
1153000	626
1153500	611
1154000	606
1154500	657
1155000	640
1155500	668
1156000	620
1156500	660
1157000	683
1157500	631
1158000	699
1158500	631
1159000	627
1159500	631
1160000	600
1160500	624
1161000	626
1161500	630
1162000	629
1162500	605
1163000	557
1163500	584
1164000	600
1164500	633
1165000	607
1165500	620
1166000	606
1166500	603
1167000	604
1167500	623
1168000	600
1168500	524
1169000	579
1169500	551
1170000	547
1170500	597
1171000	551
1171500	605
1172000	570
1172500	541
1173000	538
1173500	539
1174000	573
1174500	578
1175000	565
1175500	560
1176000	571
1176500	517
1177000	545
1177500	560
1178000	606
1178500	527
1179000	541
1179500	557
1180000	548
1180500	576
1181000	522
1181500	560
1182000	509
1182500	554
1183000	563
1183500	510
1184000	463
1184500	526
1185000	496
1185500	534
1186000	514
1186500	524
1187000	536
1187500	482
1188000	529
1188500	544
1189000	494
1189500	542
1190000	498
1190500	492
1191000	504
1191500	520
1192000	519
1192500	492
1193000	505
1193500	489
1194000	475
1194500	422
1195000	460
1195500	505
1196000	499
1196500	442
1197000	477
1197500	477
1198000	521
1198500	510
1199000	473
1199500	466
1200000	444
1200500	459
1201000	442
1201500	450
1202000	444
1202500	479
1203000	417
1203500	461
1204000	406
1204500	442
1205000	436
1205500	462
1206000	398
1206500	413
1207000	451
1207500	394
1208000	447
1208500	426
1209000	397
1209500	462
1210000	407
1210500	443
1211000	456
1211500	386
1212000	419
1212500	449
1213000	424
1213500	425
1214000	424
1214500	402
1215000	391
1215500	419
1216000	399
1216500	420
1217000	401
1217500	387
1218000	361
1218500	390
1219000	430
1219500	404
1220000	425
1220500	393
1221000	397
1221500	370
1222000	377
1222500	388
1223000	394
1223500	407
1224000	409
1224500	396
1225000	408
1225500	361
1226000	371
1226500	412
1227000	355
1227500	403
1228000	387
1228500	380
1229000	373
1229500	345
1230000	363
1230500	350
1231000	367
1231500	366
1232000	349
1232500	353
1233000	374
1233500	378
1234000	352
1234500	376
1235000	334
1235500	355
1236000	316
1236500	341
1237000	341
1237500	351
1238000	373
1238500	345
1239000	328
1239500	309
1240000	347
1240500	332
1241000	328
1241500	347
1242000	309
1242500	334
1243000	332
1243500	356
1244000	337
1244500	324
1245000	301
1245500	332
1246000	299
1246500	353
1247000	328
1247500	339
1248000	328
1248500	326
1249000	325
1249500	295
1250000	291
1250500	362
1251000	288
1251500	343
1252000	301
1252500	311
1253000	311
1253500	308
1254000	312
1254500	318
1255000	305
1255500	300
1256000	322
1256500	289
1257000	320
1257500	318
1258000	284
1258500	289
1259000	288
1259500	288
1260000	297
1260500	301
1261000	273
1261500	270
1262000	265
1262500	301
1263000	267
1263500	276
1264000	265
1264500	287
1265000	276
1265500	261
1266000	273
1266500	267
1267000	285
1267500	265
1268000	286
1268500	267
1269000	266
1269500	245
1270000	259
1270500	271
1271000	284
1271500	285
1272000	244
1272500	268
1273000	257
1273500	241
1274000	282
1274500	277
1275000	262
1275500	261
1276000	267
1276500	268
1277000	258
1277500	281
1278000	242
1278500	255
1279000	253
1279500	232
1280000	231
1280500	269
1281000	237
1281500	226
1282000	267
1282500	259
1283000	259
1283500	247
1284000	251
1284500	265
1285000	262
1285500	230
1286000	248
1286500	224
1287000	254
1287500	229
1288000	245
1288500	216
1289000	215
1289500	228
1290000	238
1290500	215
1291000	204
1291500	236
1292000	220
1292500	253
1293000	209
1293500	203
1294000	216
1294500	197
1295000	208
1295500	214
1296000	202
1296500	239
1297000	218
1297500	226
1298000	229
1298500	223
1299000	222
1299500	182
1300000	207
1300500	201
1301000	193
1301500	221
1302000	187
1302500	210
1303000	222
1303500	193
1304000	190
1304500	188
1305000	185
1305500	208
1306000	182
1306500	181
1307000	206
1307500	195
1308000	205
1308500	196
1309000	225
1309500	198
1310000	180
1310500	205
1311000	191
1311500	187
1312000	185
1312500	210
1313000	199
1313500	196
1314000	194
1314500	175
1315000	170
1315500	162
1316000	215
1316500	168
1317000	208
1317500	155
1318000	183
1318500	178
1319000	184
1319500	204
1320000	193
1320500	166
1321000	181
1321500	178
1322000	172
1322500	177
1323000	169
1323500	159
1324000	174
1324500	175
1325000	161
1325500	189
1326000	175
1326500	196
1327000	163
1327500	174
1328000	167
1328500	171
1329000	136
1329500	170
1330000	184
1330500	152
1331000	155
1331500	181
1332000	180
1332500	151
1333000	180
1333500	166
1334000	158
1334500	175
1335000	174
1335500	169
1336000	177
1336500	162
1337000	177
1337500	167
1338000	153
1338500	161
1339000	150
1339500	144
1340000	151
1340500	152
1341000	148
1341500	159
1342000	136
1342500	167
1343000	152
1343500	125
1344000	138
1344500	153
1345000	142
1345500	138
1346000	155
1346500	136
1347000	142
1347500	153
1348000	137
1348500	160
1349000	144
1349500	144
1350000	134
1350500	146
1351000	143
1351500	141
1352000	157
1352500	122
1353000	141
1353500	151
1354000	130
1354500	137
1355000	139
1355500	146
1356000	114
1356500	117
1357000	138
1357500	137
1358000	107
1358500	127
1359000	139
1359500	133
1360000	147
1360500	108
1361000	155
1361500	131
1362000	136
1362500	132
1363000	123
1363500	135
1364000	140
1364500	115
1365000	130
1365500	140
1366000	126
1366500	125
1367000	106
1367500	135
1368000	126
1368500	136
1369000	130
1369500	104
1370000	144
1370500	99
1371000	127
1371500	123
1372000	116
1372500	97
1373000	111
1373500	121
1374000	131
1374500	121
1375000	99
1375500	108
1376000	127
1376500	102
1377000	105
1377500	118
1378000	119
1378500	117
1379000	104
1379500	95
1380000	96
1380500	117
1381000	87
1381500	125
1382000	133
1382500	96
1383000	88
1383500	95
1384000	108
1384500	103
1385000	97
1385500	101
1386000	127
1386500	114
1387000	101
1387500	114
1388000	103
1388500	97
1389000	101
1389500	102
1390000	113
1390500	95
1391000	104
1391500	91
1392000	112
1392500	95
1393000	103
1393500	104
1394000	104
1394500	92
1395000	105
1395500	95
1396000	106
1396500	105
1397000	100
1397500	82
1398000	98
1398500	93
1399000	88
1399500	97
1400000	96
1400500	95
1401000	96
1401500	98
1402000	101
1402500	100
1403000	91
1403500	88
1404000	69
1404500	125
1405000	88
1405500	78
1406000	90
1406500	102
1407000	90
1407500	82
1408000	81
1408500	98
1409000	78
1409500	77
1410000	71
1410500	77
1411000	73
1411500	86
1412000	78
1412500	89
1413000	78
1413500	85
1414000	85
1414500	80
1415000	88
1415500	84
1416000	87
1416500	89
1417000	67
1417500	81
1418000	81
1418500	69
1419000	94
1419500	86
1420000	75
1420500	84
1421000	64
1421500	77
1422000	73
1422500	79
1423000	81
1423500	77
1424000	72
1424500	89
1425000	61
1425500	81
1426000	81
1426500	68
1427000	71
1427500	72
1428000	86
1428500	68
1429000	65
1429500	84
1430000	67
1430500	61
1431000	77
1431500	66
1432000	74
1432500	69
1433000	88
1433500	87
1434000	68
1434500	64
1435000	89
1435500	73
1436000	95
1436500	86
1437000	50
1437500	76
1438000	61
1438500	65
1439000	58
1439500	75
1440000	78
1440500	58
1441000	70
1441500	60
1442000	55
1442500	56
1443000	66
1443500	58
1444000	68
1444500	57
1445000	64
1445500	65
1446000	63
1446500	58
1447000	78
1447500	61
1448000	69
1448500	57
1449000	60
1449500	47
1450000	67
1450500	54
1451000	51
1451500	53
1452000	48
1452500	57
1453000	64
1453500	59
1454000	64
1454500	66
1455000	44
1455500	54
1456000	71
1456500	62
1457000	61
1457500	51
1458000	62
1458500	50
1459000	53
1459500	43
1460000	52
1460500	70
1461000	44
1461500	60
1462000	52
1462500	63
1463000	62
1463500	61
1464000	61
1464500	48
1465000	48
1465500	63
1466000	40
1466500	40
1467000	57
1467500	53
1468000	49
1468500	46
1469000	43
1469500	53
1470000	56
1470500	52
1471000	36
1471500	40
1472000	44
1472500	35
1473000	57
1473500	44
1474000	47
1474500	54
1475000	48
1475500	41
1476000	34
1476500	51
1477000	53
1477500	54
1478000	36
1478500	38
1479000	41
1479500	41
1480000	45
1480500	41
1481000	28
1481500	45
1482000	35
1482500	35
1483000	42
1483500	34
1484000	38
1484500	37
1485000	50
1485500	37
1486000	39
1486500	49
1487000	42
1487500	42
1488000	42
1488500	42
1489000	35
1489500	38
1490000	43
1490500	30
1491000	33
1491500	45
1492000	32
1492500	40
1493000	48
1493500	36
1494000	35
1494500	47
1495000	37
1495500	38
1496000	40
1496500	40
1497000	37
1497500	45
1498000	30
1498500	40
1499000	37
1499500	29
1500000	32
1500500	34
1501000	45
1501500	46
1502000	36
1502500	33
1503000	27
1503500	37
1504000	25
1504500	35
1505000	28
1505500	20
1506000	40
1506500	29
1507000	25
1507500	23
1508000	34
1508500	36
1509000	39
1509500	41
1510000	25
1510500	36
1511000	25
1511500	30
1512000	38
1512500	25
1513000	29
1513500	24
1514000	28
1514500	24
1515000	28
1515500	40
1516000	41
1516500	33
1517000	30
1517500	28
1518000	26
1518500	26
1519000	38
1519500	29
1520000	23
1520500	24
1521000	29
1521500	27
1522000	28
1522500	26
1523000	32
1523500	25
1524000	28
1524500	23
1525000	26
1525500	29
1526000	29
1526500	24
1527000	23
1527500	30
1528000	33
1528500	17
1529000	35
1529500	26
1530000	33
1530500	26
1531000	23
1531500	26
1532000	25
1532500	20
1533000	18
1533500	30
1534000	29
1534500	25
1535000	27
1535500	23
1536000	35
1536500	30
1537000	24
1537500	24
1538000	22
1538500	29
1539000	28
1539500	28
1540000	26
1540500	32
1541000	17
1541500	28
1542000	21
1542500	28
1543000	18
1543500	22
1544000	13
1544500	18
1545000	27
1545500	22
1546000	21
1546500	16
1547000	26
1547500	25
1548000	27
1548500	21
1549000	27
1549500	27
1550000	22
1550500	25
1551000	19
1551500	15
1552000	23
1552500	23
1553000	14
1553500	10
1554000	20
1554500	17
1555000	16
1555500	22
1556000	25
1556500	22
1557000	26
1557500	16
1558000	22
1558500	24
1559000	24
1559500	20
1560000	15
1560500	23
1561000	23
1561500	14
1562000	18
1562500	20
1563000	17
1563500	16
1564000	14
1564500	17
1565000	21
1565500	15
1566000	22
1566500	17
1567000	12
1567500	18
1568000	21
1568500	17
1569000	19
1569500	17
1570000	12
1570500	25
1571000	16
1571500	13
1572000	20
1572500	13
1573000	15
1573500	20
1574000	16
1574500	8
1575000	14
1575500	15
1576000	17
1576500	11
1577000	14
1577500	21
1578000	16
1578500	14
1579000	18
1579500	7
1580000	14
1580500	13
1581000	14
1581500	10
1582000	7
1582500	9
1583000	21
1583500	10
1584000	16
1584500	14
1585000	6
1585500	16
1586000	12
1586500	9
1587000	11
1587500	10
1588000	21
1588500	16
1589000	29
1589500	12
1590000	13
1590500	16
1591000	12
1591500	13
1592000	8
1592500	18
1593000	15
1593500	13
1594000	10
1594500	12
1595000	11
1595500	12
1596000	16
1596500	12
1597000	20
1597500	13
1598000	12
1598500	14
1599000	12
1599500	11
1600000	12
1600500	15
1601000	10
1601500	10
1602000	9
1602500	15
1603000	21
1603500	15
1604000	9
1604500	10
1605000	13
1605500	9
1606000	8
1606500	12
1607000	12
1607500	13
1608000	9
1608500	18
1609000	8
1609500	17
1610000	10
1610500	10
1611000	9
1611500	10
1612000	5
1612500	9
1613000	7
1613500	13
1614000	4
1614500	10
1615000	8
1615500	8
1616000	10
1616500	11
1617000	7
1617500	10
1618000	10
1618500	13
1619000	10
1619500	13
1620000	5
1620500	12
1621000	9
1621500	11
1622000	8
1622500	7
1623000	8
1623500	6
1624000	11
1624500	12
1625000	11
1625500	9
1626000	7
1626500	6
1627000	4
1627500	4
1628000	11
1628500	8
1629000	16
1629500	6
1630000	7
1630500	9
1631000	9
1631500	14
1632000	8
1632500	9
1633000	10
1633500	5
1634000	3
1634500	7
1635000	14
1635500	7
1636000	8
1636500	10
1637000	9
1637500	3
1638000	5
1638500	2
1639000	4
1639500	6
1640000	5
1640500	12
1641000	8
1641500	6
1642000	9
1642500	8
1643000	5
1643500	10
1644000	9
1644500	7
1645000	7
1645500	4
1646000	7
1646500	6
1647000	4
1647500	8
1648000	4
1648500	7
1649000	11
1649500	6
1650000	9
1650500	9
1651000	7
1651500	6
1652000	4
1652500	14
1653000	6
1653500	16
1654000	7
1654500	6
1655000	4
1655500	6
1656000	7
1656500	4
1657000	1
1657500	4
1658000	6
1658500	9
1659000	3
1659500	7
1660000	4
1660500	7
1661000	7
1661500	6
1662000	8
1662500	4
1663000	5
1663500	5
1664000	4
1664500	6
1665000	10
1665500	10
1666000	8
1666500	3
1667000	5
1667500	5
1668000	7
1668500	2
1669000	1
1669500	5
1670000	11
1671000	2
1671500	9
1672500	8
1673000	3
1673500	3
1674000	6
1674500	6
1675000	5
1675500	4
1676000	4
1676500	7
1677000	6
1677500	2
1678000	2
1678500	6
1679000	9
1679500	5
1680000	4
1680500	1
1681000	3
1681500	3
1682000	6
1682500	6
1683000	9
1683500	2
1684000	4
1684500	8
1685000	7
1685500	2
1686000	5
1686500	3
1687000	3
1687500	3
1688000	5
1688500	4
1689000	4
1689500	3
1690000	6
1690500	7
1691000	8
1691500	1
1692000	2
1692500	8
1693000	9
1693500	3
1694000	4
1694500	3
1695000	3
1695500	7
1696000	3
1696500	2
1697000	3
1697500	2
1698000	5
1698500	3
1699000	6
1699500	4
1700000	3
1700500	4
1701000	4
1701500	3
1702000	6
1702500	8
1703000	3
1703500	4
1704000	6
1704500	4
1705000	4
1705500	4
1706000	1
1706500	8
1707000	4
1707500	5
1708000	4
1708500	2
1709000	1
1709500	4
1710000	2
1710500	3
1711000	3
1711500	4
1712000	3
1712500	7
1713000	2
1713500	6
1714000	3
1714500	4
1715000	4
1715500	2
1716000	3
1716500	1
1717000	3
1718000	3
1718500	3
1719000	1
1719500	6
1720000	1
1720500	5
1721000	4
1721500	4
1722000	6
1722500	4
1723000	1
1723500	4
1724000	4
1724500	6
1725000	6
1725500	1
1726000	3
1726500	1
1727000	2
1727500	6
1728000	1
1728500	3
1729000	4
1729500	6
1730000	5
1730500	3
1731000	7
1731500	1
1732000	2
1732500	2
1733000	1
1733500	3
1734000	1
1734500	2
1735000	3
1735500	2
1736000	4
1736500	2
1737000	4
1738000	1
1738500	3
1739000	3
1739500	4
1740000	5
1740500	1
1741000	2
1741500	2
1742000	2
1742500	2
1743000	2
1743500	4
1744000	1
1744500	1
1745000	2
1745500	1
1746000	1
1746500	1
1747000	2
1747500	2
1748500	4
1749000	3
1749500	3
1750000	1
1751000	2
1751500	2
1752000	2
1752500	2
1753000	1
1753500	3
1754000	4
1754500	2
1755000	3
1755500	1
1757000	1
1758500	2
1759000	2
1759500	1
1760000	1
1760500	3
1761000	1
1761500	1
1762000	1
1762500	2
1763000	2
1763500	2
1764000	3
1764500	1
1765000	2
1765500	2
1766000	2
1766500	3
1767000	2
1767500	2
1768500	3
1769000	2
1769500	3
1770000	4
1770500	4
1771000	2
1771500	3
1772000	4
1773000	5
1773500	1
1774000	1
1774500	1
1775000	1
1775500	1
1776000	1
1776500	1
1777000	2
1777500	1
1778000	1
1778500	1
1779000	3
1779500	2
1780000	2
1780500	5
1781000	3
1781500	2
1782000	3
1783000	4
1783500	2
1784000	1
1784500	2
1785000	1
1785500	2
1786000	1
1786500	1
1787000	2
1787500	1
1788000	1
1788500	2
1789000	3
1789500	1
1790000	1
1790500	3
1791000	3
1791500	1
1792000	1
1792500	1
1793000	1
1793500	2
1794500	1
1795000	1
1795500	2
1796000	2
1796500	1
1797500	3
1798500	2
1799500	1
1800000	2
1800500	1
1801000	2
1801500	2
1802000	3
1802500	1
1803000	4
1803500	1
1804000	2
1804500	2
1805000	1
1805500	1
1806500	1
1807000	2
1808000	2
1808500	2
1809500	3
1810000	1
1810500	1
1811000	2
1811500	1
1812000	2
1812500	1
1813000	3
1813500	1
1814000	1
1814500	2
1815000	1
1815500	2
1816000	1
1816500	3
1817500	2
1818000	2
1819000	1
1819500	2
1820500	2
1821000	1
1822500	1
1823000	2
1823500	2
1824000	2
1824500	1
1825000	2
1826000	1
1827000	2
1827500	1
1828000	1
1828500	2
1829500	1
1830000	2
1830500	1
1831000	3
1832000	3
1832500	1
1834000	1
1836500	2
1837000	2
1838000	3
1838500	1
1839000	2
1839500	2
1840000	1
1840500	1
1841000	2
1841500	2
1842000	1
1843000	5
1844000	3
1845000	4
1846000	1
1846500	2
1847000	1
1847500	2
1848000	3
1848500	2
1849500	1
1850000	1
1851000	1
1851500	1
1852000	1
1852500	2
1853000	2
1853500	2
1854500	2
1855000	1
1855500	1
1856000	2
1856500	3
1857500	4
1858000	3
1858500	3
1859000	2
1859500	1
1860000	1
1860500	1
1861000	5
1861500	2
1862500	1
1863000	1
1864500	1
1865500	1
1866000	1
1866500	1
1867000	1
1867500	1
1868000	2
1868500	2
1869000	1
1869500	4
1870000	2
1870500	3
1871000	2
1871500	1
1872000	3
1872500	1
1873000	1
1873500	2
1874000	1
1874500	1
1875000	2
1875500	1
1876000	1
1876500	2
1877000	2
1877500	1
1878500	2
1879000	1
1879500	1
1880000	2
1881000	3
1881500	1
1882000	2
1883000	2
1883500	3
1884500	1
1885000	2
1886500	1
1887500	1
1888500	3
1889000	1
1889500	3
1890000	1
1890500	1
1891000	1
1891500	2
1892000	1
1892500	2
1894000	3
1894500	2
1895000	1
1895500	2
1897500	1
1898000	1
1899000	1
1899500	1
1900000	2
1900500	1
1901000	1
1901500	2
1902500	1
1903000	1
1903500	1
1904500	1
1905000	2
1905500	3
1907000	1
1909000	1
1909500	4
1910000	1
1911500	3
1912000	2
1913500	1
1914500	1
1915500	1
1916000	1
1916500	1
1917000	2
1918500	2
1921500	1
1922000	1
1922500	2
1923000	1
1923500	2
1924500	1
1925500	1
1926000	2
1926500	2
1927500	1
1929500	4
1930000	2
1930500	2
1931500	1
1932000	1
1934000	1
1935000	2
1937500	3
1938500	1
1939000	1
1939500	2
1941000	1
1941500	1
1942500	1
1943000	1
1943500	1
1944000	1
1945500	1
1947000	1
1947500	1
1948000	1
1948500	2
1949500	1
1951000	2
1951500	1
1953000	1
1955000	1
1955500	2
1956000	3
1956500	2
1957000	2
1959000	1
1959500	1
1960000	2
1961000	1
1962500	1
1963000	1
1963500	1
1964000	3
1965000	1
1966000	2
1966500	1
1967000	1
1967500	3
1968000	2
1970000	2
1971000	1
1971500	1
1972000	1
1972500	2
1973000	2
1973500	1
1974000	2
1974500	1
1975000	2
1975500	1
1976000	1
1976500	1
1977500	1
1978000	2
1979000	1
1979500	2
1980000	2
1980500	4
1981500	1
1982000	2
1982500	1
1983500	1
1985500	1
1986500	1
1987500	1
1988000	2
1988500	1
1989500	2
1990500	1
1991000	2
1993000	1
1993500	2
1994500	3
1995000	1
1996000	2
1997000	4
1997500	2
1998500	4
1999500	2
2000500	1
2001000	1
2001500	2
2002000	3
2003000	1
2004000	1
2005500	2
2006500	1
2007000	1
2008000	1
2008500	2
2009000	2
2010000	1
2011500	2
2013000	2
2014000	2
2014500	1
2015000	1
2015500	3
2016000	3
2016500	3
2017000	1
2018000	2
2018500	2
2019000	1
2020500	4
2021000	1
2021500	3
2022000	1
2022500	3
2023000	1
2023500	2
2024000	1
2024500	1
2025000	3
2026000	1
2026500	1
2027000	3
2027500	3
2029000	2
2030000	2
2030500	1
2031000	2
2031500	2
2032000	1
2032500	1
2033500	2
2034500	1
2035500	3
2037000	1
2037500	2
2038500	1
2039000	1
2040000	1
2041000	1
2041500	3
2042500	2
2043000	2
2043500	1
2044000	2
2044500	1
2046000	1
2047000	1
2048000	3
2048500	1
2049000	2
2049500	3
2050000	2
2050500	1
2051000	1
2052000	2
2053000	3
2054000	4
2054500	1
2055000	1
2055500	1
2056500	2
2058000	1
2059000	1
2059500	2
2060000	2
2061000	2
2061500	1
2062000	2
2063000	1
2063500	1
2064000	3
2064500	1
2065000	1
2065500	1
2066000	3
2066500	4
2067500	2
2068000	1
2069000	1
2069500	3
2070000	1
2070500	1
2071000	1
2071500	1
2072000	3
2072500	1
2073000	2
2073500	2
2074000	4
2074500	1
2075500	2
2076500	2
2077000	1
2077500	3
2078000	5
2078500	1
2079000	2
2079500	3
2080000	1
2080500	2
2081000	2
2082000	1
2082500	2
2083000	1
2083500	2
2084500	2
2085000	1
2085500	1
2086000	2
2086500	2
2088000	2
2088500	1
2089500	2
2090000	1
2090500	2
2091500	3
2092000	1
2092500	2
2093500	2
2094000	1
2095000	2
2095500	3
2096500	1
2097000	1
2098000	1
2098500	2
2099000	1
2099500	4
2100000	2
2100500	2
2101000	3
2102000	1
2102500	1
2103000	2
2104000	3
2104500	1
2105000	1
2107000	1
2107500	1
2108000	1
2108500	2
2109500	1
2110000	1
2110500	2
2111000	2
2112000	1
2112500	1
2113000	2
2113500	1
2115000	2
2116000	1
2116500	1
2117000	2
2118000	1
2118500	1
2119000	1
2120000	3
2121000	1
2121500	1
2122000	2
2122500	1
2123000	2
2123500	2
2124500	1
2125500	4
2126000	2
2127000	2
2127500	2
2128500	4
2129000	1
2129500	1
2130000	1
2130500	2
2131000	1
2132000	2
2133000	1
2133500	2
2134000	2
2135500	2
2137500	1
2139500	2
2140000	1
2140500	1
2142000	1
2142500	2
2143500	1
2146000	1
2146500	1
2148000	1
2148500	1
2149000	1
2149500	1
2150000	1
2152000	2
2153000	2
2154500	1
2155500	1
2156000	2
2157000	3
2158500	1
2159000	1
2163000	1
2163500	1
2164000	1
2165000	1
2166500	1
2167500	1
2168000	1
2168500	1
2170500	1
2172000	1
2172500	1
2174500	2
2176500	1
2177500	1
2180500	2
2181500	1
2182500	1
2184000	1
2184500	1
2186500	1
2187500	2
2189500	2
2195000	1
2196500	3
2197000	1
2198500	2
2200500	1
2201000	1
2202000	1
2203000	1
2203500	1
2204500	2
2206000	1
2207000	1
2207500	1
2208000	1
2209000	1
2210000	1
2212500	1
2213000	2
2214000	1
2216000	1
2218000	1
2219500	3
2222500	2
2225000	1
2226000	2
2227500	2
2228000	1
2232000	2
2234000	2
2234500	1
2235000	1
2235500	1
2237000	1
2238500	1
2239000	2
2240000	1
2241000	1
2241500	1
2243500	1
2245000	1
2247500	1
2248000	1
2249000	1
2250000	1
2250500	1
2252000	1
2252500	1
2255500	1
2256000	1
2257000	2
2262000	1
2262500	1
2263000	1
2263500	1
2267000	1
2268500	1
2270500	2
2271000	1
2273500	1
2274000	1
2275000	1
2275500	1
2279000	1
2280000	1
2283000	1
2284000	1
2288000	1
2288500	1
2292000	1
2295500	1
2297000	2
2298000	1
2303500	1
2304000	1
2306500	1
2307500	1
2308500	1
2311000	1
2311500	1
2312000	3
2313000	1
2313500	1
2314500	1
2315000	1
2316000	1
2317000	2
2318500	2
2320000	1
2322000	1
2324000	1
2324500	1
2327000	1
2328500	2
2330000	1
2331500	3
2334500	2
2336500	1
2341000	1
2342000	2
2342500	2
2343500	1
2344500	2
2345000	1
2345500	3
2347000	2
2347500	1
2349000	1
2349500	2
2350500	1
2352000	1
2354000	1
2357500	2
2359000	2
2359500	2
2360000	1
2361000	3
2362000	1
2363000	1
2363500	1
2364000	1
2365000	1
2367000	2
2367500	1
2369000	1
2370000	1
2371000	1
2372500	1
2373000	1
2374000	2
2375500	1
2376000	1
2376500	1
2378000	2
2378500	1
2380000	1
2380500	1
2381000	2
2382000	1
2382500	1
2384000	1
2384500	1
2385000	1
2388000	1
2389500	1
2390500	2
2391000	2
2391500	2
2393500	1
2395500	1
2396000	1
2396500	1
2397000	1
2398000	2
2399000	1
2399500	1
2400500	1
2401000	1
2401500	1
2402500	1
2403000	1
2403500	2
2405000	1
2405500	1
2407500	1
2409500	1
2410000	1
2410500	1
2411000	1
2411500	1
2412000	1
2412500	1
2413000	1
2415500	1
2416000	1
2416500	1
2417500	1
2420000	1
2420500	1
2421000	1
2421500	1
2424000	2
2425000	1
2425500	2
2426000	1
2429000	3
2430500	1
2431000	1
2431500	1
2432500	1
2433500	2
2434500	1
2435000	1
2435500	1
2436000	1
2437500	2
2438500	1
2439000	1
2439500	1
2441000	1
2441500	2
2442500	1
2445000	1
2445500	1
2446000	2
2448000	1
2449500	3
2450500	2
2451000	1
2455500	1
2456000	1
2458500	1
2459000	1
2460000	1
2460500	1
2461500	1
2462500	2
2463500	1
2464000	2
2465500	2
2466500	1
2467000	1
2467500	1
2469000	1
2470500	1
2472000	1
2473500	2
2474500	2
2475000	1
2479000	1
2479500	2
2481500	2
2484000	1
2484500	1
2485500	1
2486000	1
2486500	1
2488500	1
2491000	2
2493000	2
2493500	1
2494500	2
2495000	2
2496000	1
2499500	1
2502000	1
2503500	1
2504000	2
2505000	1
2506000	1
2507000	1
2507500	1
2508500	1
2511000	1
2511500	1
2512000	2
2514000	1
2518500	1
2520000	1
2521500	1
2522000	1
2523500	1
2524500	1
2526000	1
2528000	1
2530000	1
2530500	1
2531000	1
2531500	1
2532500	1
2533000	1
2534500	1
2535000	1
2535500	1
2539500	1
2541500	1
2542000	1
2543000	1
2544000	4
2545000	2
2547000	1
2548500	1
2550000	2
2550500	1
2551000	1
2551500	3
2553500	2
2554500	1
2555000	1
2556000	1
2556500	1
2557500	2
2558000	1
2559500	1
2560500	1
2561500	1
2562000	3
2562500	1
2563000	1
2564000	1
2567000	1
2568500	1
2569500	1
2570500	1
2575000	1
2577000	1
2578000	1
2578500	1
2580000	1
2582500	1
2583000	2
2583500	1
2584000	1
2584500	1
2586000	1
2587000	2
2592000	1
2593500	2
2594000	2
2595500	1
2596500	1
2597000	1
2598000	1
2598500	1
2600000	1
2601000	1
2602000	1
2602500	1
2603000	1
2605000	1
2606000	2
2607500	2
2608000	1
2609000	1
2610500	3
2613000	1
2616000	1
2616500	1
2617500	1
2619500	1
2620000	1
2620500	3
2621500	2
2622000	1
2622500	1
2623000	1
2623500	1
2624500	1
2626000	2
2629000	1
2630000	1
2630500	1
2631000	1
2631500	1
2632000	2
2632500	1
2633000	1
2634000	2
2635000	2
2636000	1
2636500	1
2637000	1
2638000	1
2638500	1
2639500	2
2640500	2
2641500	2
2643000	1
2643500	1
2645000	1
2645500	1
2646500	1
2647500	1
2648000	1
2648500	2
2649500	3
2650000	1
2651500	1
2652500	1
2653000	1
2655000	1
2656000	1
2657000	2
2657500	1
2658000	2
2659000	2
2660000	1
2662000	2
2662500	1
2663500	2
2664500	2
2665500	1
2666000	1
2666500	2
2667000	2
2671000	1
2672000	1
2672500	3
2673000	1
2673500	2
2675000	1
2676000	1
2676500	4
2677000	1
2677500	1
2678000	1
2678500	2
2679000	2
2680000	2
2680500	1
2681000	1
2681500	2
2683500	2
2684000	1
2684500	1
2685000	1
2685500	1
2686000	1
2687000	1
2688000	2
2688500	1
2690000	2
2690500	1
2691000	2
2691500	1
2692000	2
2692500	1
2693000	1
2694000	1
2694500	1
2695000	1
2695500	2
2696000	2
2696500	1
2697000	1
2697500	1
2698000	2
2698500	1
2699000	1
2700000	1
2700500	2
2701000	1
2701500	1
2703000	2
2704000	3
2705500	2
2707000	2
2707500	1
2708000	4
2708500	3
2709500	2
2710000	1
2710500	2
2711000	4
2711500	3
2712000	2
2712500	1
2713500	3
2714000	1
2714500	1
2715000	1
2715500	1
2716000	2
2717500	2
2718000	1
2718500	2
2719500	4
2720000	1
2720500	2
2721500	2
2722500	1
2723000	2
2723500	2
2724000	1
2724500	1
2725000	1
2725500	3
2727000	1
2727500	1
2728000	1
2729000	1
2730000	1
2730500	4
2731000	4
2731500	2
2732000	1
2732500	2
2733000	1
2733500	1
2734000	2
2734500	1
2735000	1
2736000	4
2736500	3
2737000	1
2737500	1
2738000	2
2739000	4
2739500	1
2740000	3
2740500	1
2741000	1
2742500	2
2743000	2
2744000	1
2745000	1
2746000	3
2747000	1
2747500	2
2749500	2
2751000	2
2751500	1
2752000	1
2752500	2
2753000	1
2754000	2
2755500	2
2756500	2
2758000	1
2759000	1
2759500	4
2760000	4
2760500	1
2761500	2
2762000	2
2762500	1
2763000	1
2763500	2
2764000	2
2764500	3
2765000	1
2766500	1
2767500	1
2768000	4
2768500	2
2769000	1
2770000	1
2771000	1
2771500	3
2772000	3
2773500	1
2774000	1
2775000	3
2775500	2
2778000	3
2778500	1
2780000	1
2780500	1
2781000	1
2781500	2
2782000	2
2782500	2
2783500	1
2784000	1
2784500	1
2785500	1
2786000	2
2786500	3
2787500	1
2788000	1
2789000	2
2789500	1
2790000	2
2790500	1
2791500	1
2792500	1
2793000	2
2793500	3
2794000	1
2794500	1
2795500	2
2796000	1
2796500	2
2797000	1
2797500	1
2798500	1
2799500	1
2800000	1
2800500	1
2801000	2
2801500	1
2802000	2
2803000	1
2805000	1
2806000	1
2806500	1
2807000	2
2808000	1
2808500	2
2809000	1
2810500	1
2811000	3
2812000	1
2813500	1
2814500	1
2815000	1
2817000	1
2818000	1
2819000	1
2820000	1
2821000	1
2822000	1
2823500	1
2826000	1
2830000	2
2831000	1
2831500	2
2832000	1
2833500	1
2834000	1
2837000	1
2839500	2
2840500	1
2841000	1
2847000	2
2848000	1
2848500	1
2850500	1
2851000	1
2858000	1
2868500	2
2869500	1
2870500	1
2872000	1
2872500	1
2874000	1
2875000	1
2878000	1
2886000	1
2890000	1
2893000	1
2893500	1
2895500	1
2896000	2
2897500	1
2899500	1
2900500	1
2904000	1
2906000	1
2911000	1
2913000	2
2916000	1
2919500	1
2921000	1
2925500	1
2932000	1
2933500	1
2934000	2
2936000	1
2937000	2
2938500	1
2942500	1
2944000	1
2946500	1
2950000	1
2950500	1
2955500	1
2967000	1
2967500	1
2969500	1
2971500	1
2976000	2
2980500	1
2981000	1
2982000	1
2985500	1
2989500	1
2996000	1
2997500	1
3011000	1
3021000	1
3023000	2
3026000	1
3037500	1
3043500	1
3044500	1
3050000	1
3052500	1
3055000	1
3083000	1
3095000	1
3149500	1
3159500	1
3240500	1
3262000	1
