# CHIME Latency Histogram - Read
# Bucket size: 500 ns
# Total samples: 21000000
# Format: latency_ns	count
1000	1
2500	2
3000	6
3500	34
4000	1077
4500	24092
5000	185718
5500	656207
6000	1340853
6500	1890144
7000	2136064
7500	2059859
8000	1857840
8500	1610432
9000	1341120
9500	1133117
10000	921330
10500	753961
11000	621100
11500	496440
12000	411493
12500	332082
13000	269576
13500	224155
14000	181534
14500	151560
15000	126796
15500	104531
16000	90298
16500	76741
17000	66512
17500	59283
18000	52359
18500	48198
19000	44174
19500	40991
20000	39098
20500	36728
21000	35944
21500	34736
22000	33387
22500	33175
23000	31834
23500	31329
24000	31324
24500	30489
25000	30674
25500	30033
26000	30004
26500	30352
27000	29494
27500	29831
28000	29230
28500	28745
29000	29208
29500	28705
30000	28673
30500	28335
31000	27739
31500	27846
32000	27433
32500	27091
33000	26761
33500	25861
34000	26055
34500	25474
35000	24671
35500	24843
36000	23873
36500	23540
37000	23341
37500	22006
38000	22167
38500	21540
39000	20981
39500	20374
40000	19311
40500	18955
41000	18072
41500	17434
42000	16868
42500	15891
43000	15495
43500	14781
44000	13824
44500	13262
45000	12218
45500	11684
46000	11303
46500	10179
47000	9722
47500	8846
48000	8338
48500	7819
49000	7066
49500	6613
50000	6139
50500	5758
51000	5331
51500	4928
52000	4446
52500	4102
53000	3743
53500	3614
54000	3245
54500	3066
55000	2881
55500	2582
56000	2624
56500	2414
57000	2199
57500	2174
58000	1940
58500	1924
59000	1921
59500	1772
60000	1756
60500	1695
61000	1576
61500	1623
62000	1441
62500	1448
63000	1462
63500	1361
64000	1307
64500	1272
65000	1259
65500	1258
66000	1237
66500	1208
67000	1182
67500	1106
68000	1188
68500	1141
69000	1136
69500	1093
70000	1042
70500	1061
71000	973
71500	1034
72000	950
72500	915
73000	943
73500	907
74000	957
74500	942
75000	898
75500	858
76000	883
76500	875
77000	844
77500	821
78000	791
78500	751
79000	843
79500	787
80000	782
80500	771
81000	800
81500	759
82000	811
82500	718
83000	714
83500	699
84000	754
84500	705
85000	716
85500	696
86000	696
86500	663
87000	695
87500	675
88000	672
88500	700
89000	669
89500	649
90000	682
90500	663
91000	695
91500	682
92000	622
92500	715
93000	712
93500	715
94000	712
94500	694
95000	684
95500	724
96000	706
96500	729
97000	702
97500	705
98000	722
98500	728
99000	766
99500	695
100000	728
100500	732
101000	719
101500	702
102000	748
102500	788
103000	715
103500	752
104000	768
104500	788
105000	759
105500	724
106000	802
106500	834
107000	790
107500	840
108000	838
108500	819
109000	798
109500	882
110000	804
110500	827
111000	874
111500	934
112000	810
112500	880
113000	832
113500	905
114000	911
114500	930
115000	901
115500	900
116000	883
116500	906
117000	934
117500	897
118000	920
118500	1001
119000	994
119500	961
120000	943
120500	899
121000	931
121500	967
122000	948
122500	942
123000	916
123500	913
124000	986
124500	948
125000	956
125500	982
126000	1007
126500	982
127000	962
127500	938
128000	998
128500	1009
129000	970
129500	1027
130000	1000
130500	984
131000	966
131500	963
132000	967
132500	1037
133000	991
133500	1027
134000	968
134500	965
135000	1007
135500	963
136000	927
136500	989
137000	932
137500	967
138000	1009
138500	964
139000	942
139500	908
140000	1037
140500	950
141000	990
141500	973
142000	937
142500	942
143000	916
143500	903
144000	967
144500	958
145000	896
145500	951
146000	971
146500	918
147000	912
147500	860
148000	951
148500	863
149000	921
149500	889
150000	939
150500	864
151000	878
151500	847
152000	869
152500	843
153000	857
153500	841
154000	829
154500	846
155000	843
155500	843
156000	871
156500	821
157000	791
157500	795
158000	799
158500	800
159000	783
159500	858
160000	756
160500	828
161000	779
161500	786
162000	761
162500	726
163000	722
163500	769
164000	752
164500	705
165000	674
165500	732
166000	706
166500	712
167000	678
167500	702
168000	733
168500	712
169000	642
169500	640
170000	688
170500	654
171000	608
171500	609
172000	631
172500	627
173000	588
173500	652
174000	602
174500	572
175000	604
175500	593
176000	559
176500	559
177000	583
177500	544
178000	498
178500	491
179000	536
179500	487
180000	497
180500	523
181000	487
181500	441
182000	452
182500	472
183000	504
183500	436
184000	458
184500	500
185000	434
185500	469
186000	446
186500	408
187000	431
187500	374
188000	412
188500	413
189000	393
189500	355
190000	379
190500	380
191000	359
191500	342
192000	322
192500	323
193000	344
193500	332
194000	317
194500	332
195000	307
195500	310
196000	284
196500	283
197000	275
197500	250
198000	287
198500	253
199000	262
199500	269
200000	251
200500	248
201000	225
201500	248
202000	260
202500	232
203000	211
203500	262
204000	234
204500	206
205000	183
205500	182
206000	218
206500	185
207000	197
207500	180
208000	168
208500	179
209000	171
209500	148
210000	156
210500	169
211000	153
211500	158
212000	142
212500	146
213000	131
213500	135
214000	148
214500	136
215000	136
215500	132
216000	111
216500	133
217000	129
217500	119
218000	131
218500	107
219000	95
219500	109
220000	116
220500	79
221000	89
221500	103
222000	100
222500	97
223000	97
223500	106
224000	87
224500	67
225000	69
225500	72
226000	95
226500	78
227000	74
227500	58
228000	82
228500	58
229000	60
229500	56
230000	64
230500	60
231000	64
231500	60
232000	60
232500	53
233000	49
233500	45
234000	39
234500	49
235000	48
235500	49
236000	44
236500	48
237000	37
237500	48
238000	39
238500	35
239000	24
239500	43
240000	50
240500	35
241000	32
241500	33
242000	29
242500	23
243000	25
243500	41
244000	21
244500	20
245000	27
245500	23
246000	23
246500	29
247000	40
247500	16
248000	16
248500	14
249000	10
249500	19
250000	24
250500	22
251000	13
251500	19
252000	18
252500	18
253000	24
253500	11
254000	14
254500	16
255000	15
255500	13
256000	13
256500	9
257000	15
257500	14
258000	18
258500	10
259000	11
259500	11
260000	12
260500	8
261000	12
261500	12
262000	10
262500	9
263000	7
263500	5
264000	6
264500	4
265000	3
265500	6
266000	6
266500	8
267000	5
267500	6
268000	9
268500	5
269000	6
269500	7
270000	5
270500	3
271000	6
271500	5
272000	5
272500	5
273000	6
273500	3
274000	5
274500	5
275000	3
275500	2
276000	4
276500	4
277000	5
277500	1
278000	2
278500	3
279000	1
279500	2
280000	2
280500	4
281000	5
281500	2
282000	3
282500	3
283000	1
283500	2
284000	4
284500	1
285000	2
285500	4
286000	1
286500	2
287000	2
287500	5
288000	3
288500	2
289000	4
289500	2
290500	1
291500	3
292000	2
292500	1
293000	2
293500	1
294500	3
295000	1
296000	1
297500	2
298500	1
299000	2
299500	2
300000	1
301000	1
301500	1
302000	1
302500	1
303500	1
304500	1
306000	1
307000	1
309000	1
311000	1
312000	1
313500	1
315000	1
316500	2
317000	1
317500	2
319000	1
322000	1
325500	1
326000	1
332000	1
333500	1
336500	1
342000	1
358000	1
