# CHIME Latency Histogram - Range
# Bucket size: 500 ns
# Total samples: 9000000
# Format: latency_ns	count
40000	1
47500	1
48000	1
48500	1
50500	1
52000	1
53500	2
54500	1
55500	4
56500	1
57000	8
57500	3
58000	5
58500	6
59000	4
59500	5
60000	5
60500	5
61000	7
61500	5
62000	10
62500	17
63000	14
63500	16
64000	20
64500	20
65000	24
65500	26
66000	28
66500	34
67000	38
67500	44
68000	52
68500	47
69000	45
69500	61
70000	69
70500	80
71000	75
71500	73
72000	79
72500	103
73000	95
73500	137
74000	115
74500	129
75000	147
75500	129
76000	160
76500	139
77000	172
77500	172
78000	199
78500	195
79000	216
79500	205
80000	236
80500	242
81000	232
81500	279
82000	252
82500	254
83000	298
83500	306
84000	309
84500	336
85000	326
85500	342
86000	356
86500	344
87000	368
87500	410
88000	396
88500	451
89000	435
89500	420
90000	408
90500	479
91000	455
91500	492
92000	498
92500	478
93000	529
93500	514
94000	541
94500	544
95000	530
95500	532
96000	592
96500	677
97000	581
97500	616
98000	611
98500	659
99000	627
99500	592
100000	634
100500	658
101000	673
101500	695
102000	676
102500	675
103000	703
103500	706
104000	703
104500	767
105000	741
105500	823
106000	706
106500	731
107000	786
107500	783
108000	799
108500	765
109000	770
109500	853
110000	874
110500	858
111000	865
111500	894
112000	844
112500	866
113000	912
113500	909
114000	865
114500	966
115000	930
115500	914
116000	949
116500	1002
117000	980
117500	946
118000	997
118500	1041
119000	969
119500	1064
120000	1062
120500	1099
121000	1127
121500	1152
122000	1130
122500	1042
123000	1115
123500	1141
124000	1124
124500	1220
125000	1184
125500	1198
126000	1238
126500	1212
127000	1294
127500	1224
128000	1269
128500	1273
129000	1289
129500	1360
130000	1439
130500	1453
131000	1401
131500	1319
132000	1474
132500	1473
133000	1529
133500	1527
134000	1499
134500	1559
135000	1624
135500	1654
136000	1609
136500	1686
137000	1674
137500	1690
138000	1771
138500	1875
139000	1769
139500	1853
140000	1840
140500	1837
141000	1871
141500	1944
142000	1969
142500	2081
143000	2036
143500	2059
144000	2158
144500	2185
145000	2246
145500	2236
146000	2267
146500	2382
147000	2296
147500	2404
148000	2361
148500	2537
149000	2503
149500	2520
150000	2564
150500	2577
151000	2664
151500	2720
152000	2758
152500	2823
153000	2857
153500	2824
154000	2944
154500	2957
155000	2924
155500	3067
156000	3158
156500	3079
157000	3185
157500	3298
158000	3238
158500	3200
159000	3327
159500	3387
160000	3457
160500	3558
161000	3554
161500	3563
162000	3651
162500	3690
163000	3727
163500	3871
164000	3887
164500	3910
165000	4060
165500	4041
166000	4166
166500	4074
167000	4066
167500	4218
168000	4194
168500	4241
169000	4454
169500	4491
170000	4405
170500	4499
171000	4548
171500	4631
172000	4528
172500	4669
173000	4860
173500	4710
174000	4725
174500	4861
175000	4882
175500	5106
176000	5058
176500	4978
177000	5055
177500	5254
178000	5250
178500	5210
179000	5279
179500	5192
180000	5417
180500	5387
181000	5379
181500	5419
182000	5628
182500	5548
183000	5616
183500	5661
184000	5814
184500	5917
185000	5874
185500	5788
186000	5920
186500	5881
187000	5819
187500	5954
188000	6189
188500	5972
189000	5844
189500	6084
190000	6073
190500	6180
191000	6084
191500	6283
192000	6098
192500	6152
193000	6350
193500	6422
194000	6216
194500	6355
195000	6270
195500	6337
196000	6384
196500	6434
197000	6482
197500	6481
198000	6414
198500	6397
199000	6524
199500	6504
200000	6562
200500	6523
201000	6570
201500	6584
202000	6709
202500	6711
203000	6576
203500	6419
204000	6575
204500	6634
205000	6493
205500	6605
206000	6723
206500	6572
207000	6530
207500	6595
208000	6498
208500	6586
209000	6527
209500	6575
210000	6387
210500	6579
211000	6732
211500	6500
212000	6603
212500	6671
213000	6500
213500	6511
214000	6583
214500	6415
215000	6514
215500	6470
216000	6348
216500	6577
217000	6435
217500	6387
218000	6421
218500	6342
219000	6362
219500	6308
220000	6297
220500	6202
221000	6139
221500	6319
222000	6004
222500	6213
223000	6184
223500	6211
224000	5981
224500	6034
225000	5945
225500	6107
226000	5847
226500	5902
227000	5714
227500	5904
228000	5939
228500	5718
229000	5727
229500	5805
230000	5601
230500	5693
231000	5599
231500	5601
232000	5497
232500	5519
233000	5446
233500	5233
234000	5401
234500	5359
235000	5362
235500	5309
236000	5343
236500	5142
237000	5285
237500	5180
238000	5121
238500	5178
239000	4974
239500	4902
240000	5034
240500	4856
241000	4976
241500	4809
242000	4793
242500	4718
243000	4752
243500	4674
244000	4553
244500	4551
245000	4419
245500	4490
246000	4341
246500	4371
247000	4464
247500	4307
248000	4375
248500	4278
249000	4143
249500	4061
250000	4226
250500	4137
251000	4002
251500	4016
252000	3993
252500	3854
253000	3972
253500	3939
254000	3851
254500	3818
255000	3869
255500	3761
256000	3738
256500	3753
257000	3803
257500	3710
258000	3592
258500	3552
259000	3630
259500	3637
260000	3384
260500	3365
261000	3396
261500	3528
262000	3316
262500	3364
263000	3408
263500	3247
264000	3296
264500	3195
265000	3215
265500	3230
266000	3196
266500	3252
267000	3152
267500	3047
268000	3070
268500	3067
269000	3059
269500	3129
270000	3035
270500	3052
271000	2934
271500	2940
272000	2837
272500	2869
273000	2945
273500	2931
274000	2880
274500	2799
275000	2778
275500	2813
276000	2756
276500	2873
277000	2752
277500	2740
278000	2682
278500	2747
279000	2651
279500	2694
280000	2637
280500	2658
281000	2658
281500	2619
282000	2619
282500	2602
283000	2654
283500	2552
284000	2589
284500	2577
285000	2531
285500	2577
286000	2546
286500	2586
287000	2535
287500	2452
288000	2459
288500	2428
289000	2497
289500	2626
290000	2450
290500	2367
291000	2473
291500	2568
292000	2531
292500	2431
293000	2524
293500	2560
294000	2466
294500	2369
295000	2469
295500	2471
296000	2461
296500	2445
297000	2557
297500	2552
298000	2448
298500	2401
299000	2495
299500	2401
300000	2476
300500	2560
301000	2453
301500	2431
302000	2491
302500	2523
303000	2484
303500	2429
304000	2501
304500	2575
305000	2539
305500	2558
306000	2501
306500	2450
307000	2533
307500	2594
308000	2389
308500	2534
309000	2506
309500	2519
310000	2511
310500	2557
311000	2483
311500	2443
312000	2547
312500	2524
313000	2601
313500	2501
314000	2580
314500	2515
315000	2562
315500	2632
316000	2535
316500	2605
317000	2651
317500	2688
318000	2594
318500	2683
319000	2678
319500	2628
320000	2654
320500	2717
321000	2615
321500	2655
322000	2724
322500	2727
323000	2667
323500	2681
324000	2689
324500	2689
325000	2665
325500	2809
326000	2829
326500	2736
327000	2753
327500	2759
328000	2791
328500	2803
329000	2828
329500	2809
330000	2826
330500	2775
331000	2889
331500	2880
332000	2751
332500	2772
333000	2934
333500	2921
334000	2848
334500	2917
335000	2907
335500	2839
336000	2898
336500	2923
337000	2849
337500	2970
338000	2881
338500	2968
339000	3036
339500	2940
340000	3033
340500	3020
341000	2887
341500	2984
342000	3060
342500	2995
343000	3091
343500	3039
344000	3009
344500	3028
345000	2997
345500	3060
346000	3045
346500	3048
347000	3212
347500	3132
348000	3014
348500	3072
349000	3076
349500	3121
350000	3152
350500	3112
351000	3201
351500	3109
352000	3136
352500	3150
353000	3165
353500	3124
354000	3227
354500	3241
355000	3215
355500	3088
356000	3302
356500	3242
357000	3282
357500	3344
358000	3190
358500	3241
359000	3312
359500	3336
360000	3254
360500	3328
361000	3362
361500	3301
362000	3319
362500	3273
363000	3356
363500	3334
364000	3360
364500	3332
365000	3359
365500	3349
366000	3337
366500	3384
367000	3477
367500	3367
368000	3459
368500	3375
369000	3380
369500	3485
370000	3480
370500	3452
371000	3459
371500	3475
372000	3413
372500	3462
373000	3530
373500	3510
374000	3505
374500	3523
375000	3474
375500	3548
376000	3653
376500	3538
377000	3495
377500	3430
378000	3669
378500	3669
379000	3673
379500	3502
380000	3511
380500	3682
381000	3625
381500	3657
382000	3587
382500	3598
383000	3662
383500	3710
384000	3628
384500	3778
385000	3715
385500	3732
386000	3708
386500	3661
387000	3606
387500	3713
388000	3788
388500	3771
389000	3717
389500	3783
390000	3792
390500	3872
391000	3722
391500	3822
392000	3722
392500	3826
393000	3815
393500	3728
394000	3712
394500	3787
395000	3840
395500	3819
396000	3823
396500	3891
397000	3849
397500	3896
398000	3831
398500	3879
399000	3926
399500	3981
400000	3908
400500	3957
401000	4019
401500	3910
402000	3963
402500	3917
403000	3931
403500	3943
404000	3976
404500	4054
405000	4024
405500	4039
406000	4019
406500	3983
407000	4006
407500	4029
408000	3947
408500	4142
409000	4265
409500	4097
410000	4032
410500	4181
411000	4218
411500	4276
412000	4019
412500	4056
413000	4234
413500	4146
414000	4113
414500	4276
415000	4248
415500	4119
416000	4199
416500	4329
417000	4319
417500	4273
418000	4249
418500	4197
419000	4255
419500	4312
420000	4347
420500	4355
421000	4140
421500	4275
422000	4299
422500	4299
423000	4428
423500	4370
424000	4356
424500	4279
425000	4324
425500	4438
426000	4522
426500	4451
427000	4404
427500	4421
428000	4432
428500	4408
429000	4359
429500	4530
430000	4404
430500	4532
431000	4503
431500	4408
432000	4511
432500	4414
433000	4484
433500	4523
434000	4479
434500	4463
435000	4551
435500	4512
436000	4516
436500	4637
437000	4644
437500	4661
438000	4653
438500	4710
439000	4681
439500	4641
440000	4700
440500	4750
441000	4665
441500	4732
442000	4756
442500	4738
443000	4695
443500	4724
444000	4680
444500	4764
445000	4755
445500	4847
446000	4836
446500	4858
447000	4726
447500	4794
448000	4838
448500	4742
449000	4728
449500	4843
450000	4935
450500	4847
451000	4830
451500	4803
452000	4964
452500	4876
453000	5019
453500	5069
454000	4991
454500	4929
455000	4999
455500	5015
456000	4964
456500	5178
457000	4954
457500	4876
458000	5046
458500	5025
459000	4974
459500	5046
460000	5081
460500	4972
461000	4961
461500	5068
462000	5236
462500	5083
463000	5162
463500	5135
464000	5181
464500	5146
465000	5021
465500	5278
466000	5118
466500	5249
467000	5272
467500	5177
468000	5397
468500	5260
469000	5295
469500	5272
470000	5304
470500	5258
471000	5371
471500	5257
472000	5334
472500	5385
473000	5244
473500	5426
474000	5382
474500	5386
475000	5356
475500	5347
476000	5576
476500	5434
477000	5583
477500	5476
478000	5448
478500	5527
479000	5520
479500	5470
480000	5495
480500	5488
481000	5568
481500	5484
482000	5597
482500	5538
483000	5501
483500	5545
484000	5672
484500	5602
485000	5574
485500	5642
486000	5638
486500	5629
487000	5599
487500	5678
488000	5635
488500	5630
489000	5665
489500	5650
490000	5634
490500	5654
491000	5688
491500	5703
492000	5701
492500	5842
493000	5724
493500	5761
494000	5849
494500	5584
495000	5715
495500	5762
496000	5808
496500	5796
497000	5822
497500	5627
498000	5873
498500	5890
499000	5883
499500	5745
500000	5850
500500	5842
501000	5821
501500	5992
502000	6113
502500	5755
503000	5962
503500	5813
504000	5908
504500	5811
505000	5927
505500	5927
506000	6016
506500	5845
507000	5973
507500	6062
508000	6053
508500	5898
509000	6063
509500	5997
510000	5985
510500	6017
511000	6096
511500	6039
512000	5968
512500	6124
513000	6209
513500	6074
514000	6069
514500	6028
515000	6168
515500	6197
516000	6127
516500	6035
517000	6211
517500	6080
518000	6068
518500	6077
519000	6073
519500	6216
520000	6212
520500	6234
521000	6148
521500	6270
522000	6086
522500	6362
523000	6171
523500	6329
524000	6308
524500	6159
525000	6305
525500	6279
526000	6297
526500	6321
527000	6273
527500	6276
528000	6191
528500	6312
529000	6249
529500	6475
530000	6396
530500	6362
531000	6412
531500	6242
532000	6224
532500	6321
533000	6388
533500	6367
534000	6500
534500	6459
535000	6431
535500	6254
536000	6317
536500	6488
537000	6342
537500	6356
538000	6347
538500	6361
539000	6277
539500	6414
540000	6478
540500	6528
541000	6341
541500	6531
542000	6483
542500	6430
543000	6417
543500	6349
544000	6512
544500	6566
545000	6514
545500	6480
546000	6390
546500	6518
547000	6601
547500	6543
548000	6505
548500	6378
549000	6488
549500	6445
550000	6592
550500	6701
551000	6540
551500	6468
552000	6340
552500	6557
553000	6552
553500	6533
554000	6619
554500	6713
555000	6625
555500	6511
556000	6419
556500	6716
557000	6679
557500	6684
558000	6596
558500	6561
559000	6564
559500	6747
560000	6614
560500	6511
561000	6549
561500	6680
562000	6734
562500	6672
563000	6806
563500	6614
564000	6595
564500	6495
565000	6733
565500	6723
566000	6665
566500	6582
567000	6639
567500	6627
568000	6715
568500	6801
569000	6656
569500	6611
570000	6639
570500	6665
571000	6821
571500	6722
572000	6931
572500	6711
573000	6873
573500	6692
574000	6620
574500	6692
575000	6803
575500	6682
576000	6699
576500	6798
577000	6677
577500	6788
578000	6792
578500	6793
579000	6908
579500	6889
580000	6689
580500	6769
581000	6808
581500	6822
582000	6761
582500	6837
583000	6833
583500	6698
584000	6902
584500	6987
585000	6797
585500	6848
586000	6908
586500	6663
587000	6755
587500	6771
588000	6739
588500	6808
589000	6807
589500	6875
590000	6761
590500	6797
591000	6872
591500	6761
592000	6797
592500	6764
593000	6593
593500	6833
594000	6639
594500	6700
595000	6960
595500	6867
596000	6750
596500	6557
597000	6769
597500	6760
598000	6674
598500	7070
599000	6724
599500	6728
600000	6792
600500	6915
601000	6931
601500	6840
602000	6751
602500	6784
603000	6815
603500	6825
604000	6706
604500	6798
605000	6851
605500	6713
606000	6848
606500	6711
607000	6818
607500	6669
608000	6832
608500	6687
609000	6716
609500	6845
610000	6922
610500	6728
611000	6661
611500	6755
612000	6843
612500	6736
613000	6848
613500	6784
614000	6582
614500	6934
615000	6788
615500	6653
616000	6882
616500	6875
617000	6761
617500	6710
618000	6733
618500	6795
619000	6732
619500	6814
620000	6857
620500	6724
621000	6858
621500	6809
622000	6694
622500	6891
623000	6652
623500	6705
624000	6954
624500	6768
625000	6693
625500	6817
626000	6765
626500	6810
627000	6743
627500	6769
628000	6856
628500	6780
629000	6744
629500	6723
630000	6892
630500	6743
631000	6807
631500	6833
632000	6710
632500	6864
633000	6661
633500	6881
634000	6607
634500	6859
635000	6814
635500	6797
636000	6836
636500	6690
637000	6661
637500	6587
638000	6724
638500	6807
639000	6696
639500	6688
640000	6731
640500	6635
641000	6808
641500	6691
642000	6802
642500	6649
643000	6714
643500	6642
644000	6707
644500	6743
645000	6687
645500	6747
646000	6675
646500	6604
647000	6570
647500	6603
648000	6504
648500	6738
649000	6631
649500	6707
650000	6727
650500	6551
651000	6555
651500	6802
652000	6677
652500	6666
653000	6581
653500	6740
654000	6801
654500	6692
655000	6564
655500	6663
656000	6635
656500	6605
657000	6506
657500	6606
658000	6614
658500	6722
659000	6671
659500	6656
660000	6467
660500	6598
661000	6706
661500	6777
662000	6635
662500	6669
663000	6592
663500	6559
664000	6677
664500	6513
665000	6677
665500	6523
666000	6669
666500	6598
667000	6581
667500	6571
668000	6715
668500	6511
669000	6607
669500	6666
670000	6586
670500	6674
671000	6503
671500	6547
672000	6687
672500	6629
673000	6559
673500	6608
674000	6601
674500	6702
675000	6444
675500	6551
676000	6632
676500	6580
677000	6603
677500	6556
678000	6435
678500	6404
679000	6524
679500	6406
680000	6553
680500	6419
681000	6497
681500	6610
682000	6461
682500	6605
683000	6448
683500	6544
684000	6517
684500	6519
685000	6440
685500	6283
686000	6376
686500	6243
687000	6213
687500	6390
688000	6425
688500	6445
689000	6465
689500	6474
690000	6408
690500	6375
691000	6251
691500	6360
692000	6728
692500	6372
693000	6443
693500	6273
694000	6279
694500	6249
695000	6392
695500	6343
696000	6355
696500	6426
697000	6342
697500	6259
698000	6548
698500	6588
699000	6192
699500	6462
700000	6333
700500	6389
701000	6312
701500	6342
702000	6250
702500	6331
703000	6312
703500	6241
704000	6390
704500	6305
705000	6327
705500	6255
706000	6184
706500	6227
707000	6237
707500	6257
708000	6230
708500	6253
709000	6158
709500	6213
710000	6061
710500	6172
711000	6223
711500	6230
712000	6210
712500	6167
713000	6062
713500	6081
714000	6221
714500	6028
715000	6204
715500	6132
716000	6138
716500	6043
717000	6017
717500	6209
718000	5959
718500	6137
719000	6033
719500	6115
720000	6019
720500	6174
721000	6058
721500	6152
722000	6071
722500	6065
723000	5933
723500	6170
724000	6113
724500	5952
725000	6131
725500	5804
726000	5960
726500	6070
727000	6148
727500	5965
728000	6005
728500	6051
729000	6011
729500	6022
730000	5919
730500	5903
731000	5846
731500	5994
732000	5865
732500	5900
733000	5896
733500	5896
734000	5927
734500	5882
735000	5963
735500	5949
736000	5879
736500	5837
737000	5955
737500	5838
738000	5908
738500	5861
739000	5756
739500	5881
740000	5759
740500	5737
741000	5841
741500	5708
742000	5873
742500	5836
743000	5742
743500	5705
744000	5763
744500	5910
745000	5649
745500	5840
746000	5609
746500	5678
747000	5605
747500	5636
748000	5645
748500	5703
749000	5605
749500	5656
750000	5739
750500	5610
751000	5678
751500	5683
752000	5636
752500	5584
753000	5592
753500	5672
754000	5607
754500	5479
755000	5571
755500	5552
756000	5778
756500	5471
757000	5648
757500	5639
758000	5502
758500	5654
759000	5615
759500	5546
760000	5541
760500	5486
761000	5462
761500	5553
762000	5600
762500	5539
763000	5453
763500	5420
764000	5442
764500	5477
765000	5496
765500	5420
766000	5432
766500	5399
767000	5387
767500	5380
768000	5429
768500	5515
769000	5476
769500	5450
770000	5281
770500	5272
771000	5256
771500	5428
772000	5393
772500	5328
773000	5344
773500	5305
774000	5306
774500	5268
775000	5329
775500	5276
776000	5134
776500	5207
777000	5188
777500	5198
778000	5111
778500	5168
779000	5212
779500	5301
780000	5078
780500	5120
781000	5223
781500	5166
782000	5197
782500	5057
783000	5162
783500	5103
784000	5131
784500	5176
785000	5140
785500	5181
786000	4940
786500	5088
787000	5003
787500	5107
788000	5173
788500	5018
789000	5045
789500	5064
790000	4946
790500	5103
791000	5136
791500	5108
792000	5017
792500	5032
793000	4819
793500	5074
794000	4961
794500	5040
795000	4973
795500	4930
796000	4963
796500	5004
797000	5117
797500	4852
798000	4938
798500	4903
799000	4829
799500	4946
800000	4971
800500	4974
801000	4970
801500	4822
802000	4815
802500	4833
803000	4884
803500	4938
804000	4836
804500	5005
805000	4873
805500	4716
806000	4771
806500	4844
807000	4714
807500	4743
808000	4795
808500	4841
809000	4694
809500	4707
810000	4775
810500	4760
811000	4827
811500	4763
812000	4803
812500	4708
813000	4656
813500	4757
814000	4599
814500	4712
815000	4724
815500	4794
816000	4766
816500	4725
817000	4715
817500	4582
818000	4668
818500	4644
819000	4523
819500	4635
820000	4437
820500	4612
821000	4636
821500	4420
822000	4544
822500	4653
823000	4425
823500	4526
824000	4494
824500	4639
825000	4368
825500	4521
826000	4511
826500	4498
827000	4463
827500	4459
828000	4404
828500	4414
829000	4406
829500	4523
830000	4410
830500	4513
831000	4487
831500	4444
832000	4389
832500	4402
833000	4421
833500	4229
834000	4331
834500	4323
835000	4248
835500	4305
836000	4315
836500	4334
837000	4235
837500	4312
838000	4246
838500	4358
839000	4224
839500	4351
840000	4275
840500	4408
841000	4236
841500	4308
842000	4392
842500	4266
843000	4227
843500	4178
844000	4135
844500	4257
845000	4193
845500	4218
846000	4136
846500	4180
847000	4130
847500	4056
848000	4190
848500	4266
849000	4172
849500	4119
850000	4042
850500	4152
851000	4261
851500	4107
852000	4181
852500	3954
853000	4135
853500	4033
854000	4117
854500	4113
855000	4004
855500	4076
856000	3977
856500	4154
857000	4079
857500	3952
858000	4041
858500	3922
859000	4016
859500	3889
860000	3971
860500	4022
861000	3980
861500	3856
862000	3906
862500	4074
863000	3910
863500	3821
864000	3850
864500	4010
865000	3794
865500	3838
866000	3939
866500	4049
867000	3836
867500	3903
868000	3786
868500	3870
869000	3820
869500	3895
870000	3783
870500	3807
871000	3813
871500	3910
872000	3757
872500	3827
873000	3793
873500	3803
874000	3670
874500	3672
875000	3704
875500	3718
876000	3741
876500	3681
877000	3772
877500	3754
878000	3652
878500	3664
879000	3734
879500	3707
880000	3693
880500	3686
881000	3640
881500	3633
882000	3686
882500	3655
883000	3690
883500	3569
884000	3608
884500	3667
885000	3547
885500	3623
886000	3408
886500	3484
887000	3586
887500	3546
888000	3573
888500	3549
889000	3557
889500	3599
890000	3491
890500	3512
891000	3562
891500	3432
892000	3552
892500	3622
893000	3436
893500	3478
894000	3438
894500	3487
895000	3493
895500	3536
896000	3418
896500	3496
897000	3441
897500	3414
898000	3406
898500	3378
899000	3346
899500	3372
900000	3368
900500	3355
901000	3294
901500	3285
902000	3310
902500	3351
903000	3300
903500	3314
904000	3392
904500	3272
905000	3211
905500	3311
906000	3275
906500	3227
907000	3227
907500	3368
908000	3294
908500	3237
909000	3298
909500	3356
910000	3240
910500	3245
911000	3317
911500	3247
912000	3331
912500	3205
913000	3123
913500	3150
914000	3185
914500	3263
915000	3264
915500	3113
916000	3262
916500	3146
917000	3146
917500	3235
918000	3159
918500	3193
919000	3175
919500	3162
920000	3148
920500	3088
921000	3165
921500	3159
922000	3028
922500	3141
923000	3095
923500	3176
924000	3034
924500	3007
925000	3061
925500	3039
926000	3070
926500	3079
927000	3126
927500	2970
928000	3023
928500	2969
929000	3101
929500	3025
930000	2974
930500	3070
931000	3015
931500	3044
932000	2986
932500	2958
933000	2991
933500	3029
934000	2869
934500	2903
935000	2931
935500	2881
936000	2938
936500	2987
937000	2851
937500	2934
938000	2887
938500	2927
939000	2942
939500	2917
940000	3004
940500	2849
941000	2802
941500	2864
942000	2907
942500	2880
943000	2809
943500	2878
944000	2813
944500	2792
945000	2874
945500	2699
946000	2742
946500	2731
947000	2860
947500	2718
948000	2810
948500	2741
949000	2724
949500	2725
950000	2765
950500	2766
951000	2715
951500	2871
952000	2760
952500	2653
953000	2697
953500	2816
954000	2740
954500	2673
955000	2658
955500	2706
956000	2729
956500	2607
957000	2716
957500	2792
958000	2600
958500	2634
959000	2617
959500	2627
960000	2612
960500	2542
961000	2596
961500	2637
962000	2564
962500	2653
963000	2661
963500	2677
964000	2623
964500	2592
965000	2638
965500	2527
966000	2687
966500	2525
967000	2581
967500	2502
968000	2629
968500	2443
969000	2508
969500	2476
970000	2659
970500	2595
971000	2591
971500	2480
972000	2544
972500	2387
973000	2521
973500	2561
974000	2437
974500	2609
975000	2432
975500	2504
976000	2474
976500	2497
977000	2474
977500	2443
978000	2362
978500	2451
979000	2514
979500	2413
980000	2358
980500	2415
981000	2473
981500	2383
982000	2329
982500	2319
983000	2285
983500	2416
984000	2379
984500	2452
985000	2393
985500	2346
986000	2329
986500	2355
987000	2357
987500	2351
988000	2327
988500	2293
989000	2299
989500	2313
990000	2337
990500	2409
991000	2332
991500	2195
992000	2273
992500	2378
993000	2363
993500	2226
994000	2294
994500	2253
995000	2250
995500	2216
996000	2209
996500	2283
997000	2194
997500	2282
998000	2257
998500	2260
999000	2221
999500	2256
1000000	2269
1000500	2291
1001000	2218
1001500	2192
1002000	2142
1002500	2163
1003000	2172
1003500	2162
1004000	2196
1004500	2166
1005000	2165
1005500	2130
1006000	2234
1006500	2244
1007000	2141
1007500	2072
1008000	2159
1008500	2173
1009000	2092
1009500	2054
1010000	2206
1010500	2114
1011000	2128
1011500	2087
1012000	2082
1012500	2092
1013000	2051
1013500	2049
1014000	2039
1014500	2040
1015000	2145
1015500	2123
1016000	2115
1016500	1934
1017000	2025
1017500	2001
1018000	2017
1018500	2019
1019000	1959
1019500	2045
1020000	2034
1020500	1903
1021000	1969
1021500	2048
1022000	2072
1022500	1955
1023000	2139
1023500	1980
1024000	2001
1024500	1954
1025000	1957
1025500	1929
1026000	2004
1026500	2014
1027000	1923
1027500	1994
1028000	1855
1028500	1860
1029000	1928
1029500	1978
1030000	1933
1030500	1992
1031000	1935
1031500	1955
1032000	1876
1032500	1879
1033000	1940
1033500	1891
1034000	1974
1034500	1916
1035000	1911
1035500	1841
1036000	1793
1036500	1856
1037000	1916
1037500	1840
1038000	1912
1038500	1851
1039000	1851
1039500	1873
1040000	1856
1040500	1843
1041000	1752
1041500	1777
1042000	1820
1042500	1782
1043000	1894
1043500	1780
1044000	1783
1044500	1809
1045000	1789
1045500	1828
1046000	1799
1046500	1752
1047000	1851
1047500	1829
1048000	1747
1048500	1794
1049000	1801
1049500	1837
1050000	1812
1050500	1737
1051000	1710
1051500	1719
1052000	1797
1052500	1756
1053000	1712
1053500	1748
1054000	1711
1054500	1773
1055000	1675
1055500	1744
1056000	1708
1056500	1685
1057000	1653
1057500	1631
1058000	1672
1058500	1667
1059000	1580
1059500	1665
1060000	1674
1060500	1641
1061000	1601
1061500	1634
1062000	1589
1062500	1574
1063000	1717
1063500	1616
1064000	1614
1064500	1635
1065000	1654
1065500	1616
1066000	1647
1066500	1567
1067000	1596
1067500	1617
1068000	1580
1068500	1618
1069000	1612
1069500	1580
1070000	1610
1070500	1579
1071000	1597
1071500	1605
1072000	1583
1072500	1601
1073000	1603
1073500	1522
1074000	1560
1074500	1602
1075000	1597
1075500	1521
1076000	1535
1076500	1552
1077000	1477
1077500	1517
1078000	1557
1078500	1508
1079000	1439
1079500	1559
1080000	1546
1080500	1536
1081000	1516
1081500	1456
1082000	1507
1082500	1473
1083000	1479
1083500	1462
1084000	1490
1084500	1433
1085000	1469
1085500	1435
1086000	1390
1086500	1413
1087000	1444
1087500	1470
1088000	1443
1088500	1472
1089000	1470
1089500	1335
1090000	1434
1090500	1366
1091000	1429
1091500	1397
1092000	1396
1092500	1399
1093000	1441
1093500	1399
1094000	1398
1094500	1271
1095000	1365
1095500	1375
1096000	1403
1096500	1345
1097000	1360
1097500	1347
1098000	1330
1098500	1405
1099000	1360
1099500	1392
1100000	1368
1100500	1315
1101000	1328
1101500	1324
1102000	1292
1102500	1355
1103000	1344
1103500	1332
1104000	1303
1104500	1232
1105000	1370
1105500	1278
1106000	1275
1106500	1286
1107000	1266
1107500	1306
1108000	1273
1108500	1319
1109000	1265
1109500	1226
1110000	1268
1110500	1270
1111000	1253
1111500	1254
1112000	1282
1112500	1262
1113000	1243
1113500	1257
1114000	1237
1114500	1194
1115000	1208
1115500	1215
1116000	1168
1116500	1165
1117000	1236
1117500	1238
1118000	1237
1118500	1173
1119000	1217
1119500	1180
1120000	1231
1120500	1153
1121000	1210
1121500	1189
1122000	1153
1122500	1149
1123000	1147
1123500	1193
1124000	1156
1124500	1201
1125000	1160
1125500	1141
1126000	1151
1126500	1122
1127000	1154
1127500	1140
1128000	1147
1128500	1129
1129000	1163
1129500	1160
1130000	1140
1130500	1176
1131000	1076
1131500	1177
1132000	1118
1132500	1095
1133000	1116
1133500	1151
1134000	1145
1134500	1077
1135000	1110
1135500	1112
1136000	1048
1136500	1105
1137000	1150
1137500	1066
1138000	1153
1138500	1022
1139000	1069
1139500	1103
1140000	1092
1140500	1080
1141000	1043
1141500	1069
1142000	1034
1142500	1004
1143000	1070
1143500	1039
1144000	955
1144500	1045
1145000	1045
1145500	993
1146000	1023
1146500	1044
1147000	1036
1147500	1015
1148000	1028
1148500	996
1149000	969
1149500	966
1150000	1025
1150500	1044
1151000	975
1151500	1049
1152000	1011
1152500	949
1153000	976
1153500	996
1154000	996
1154500	1004
1155000	974
1155500	950
1156000	942
1156500	943
1157000	970
1157500	913
1158000	990
1158500	1039
1159000	959
1159500	981
1160000	947
1160500	920
1161000	961
1161500	982
1162000	911
1162500	917
1163000	890
1163500	898
1164000	912
1164500	937
1165000	903
1165500	905
1166000	901
1166500	926
1167000	892
1167500	892
1168000	890
1168500	901
1169000	885
1169500	836
1170000	941
1170500	869
1171000	865
1171500	954
1172000	902
1172500	876
1173000	878
1173500	857
1174000	869
1174500	880
1175000	830
1175500	850
1176000	911
1176500	835
1177000	874
1177500	868
1178000	813
1178500	819
1179000	791
1179500	838
1180000	826
1180500	864
1181000	817
1181500	800
1182000	820
1182500	774
1183000	773
1183500	866
1184000	820
1184500	790
1185000	772
1185500	766
1186000	740
1186500	731
1187000	775
1187500	772
1188000	833
1188500	753
1189000	773
1189500	777
1190000	757
1190500	755
1191000	755
1191500	718
1192000	776
1192500	770
1193000	758
1193500	764
1194000	804
1194500	746
1195000	765
1195500	755
1196000	696
1196500	738
1197000	753
1197500	759
1198000	711
1198500	753
1199000	782
1199500	707
1200000	758
1200500	682
1201000	723
1201500	737
1202000	671
1202500	684
1203000	681
1203500	681
1204000	702
1204500	690
1205000	720
1205500	698
1206000	676
1206500	686
1207000	677
1207500	698
1208000	678
1208500	687
1209000	617
1209500	684
1210000	659
1210500	652
1211000	664
1211500	661
1212000	660
1212500	637
1213000	664
1213500	648
1214000	651
1214500	664
1215000	651
1215500	669
1216000	689
1216500	653
1217000	679
1217500	661
1218000	608
1218500	602
1219000	683
1219500	651
1220000	644
1220500	650
1221000	639
1221500	589
1222000	630
1222500	625
1223000	625
1223500	599
1224000	583
1224500	623
1225000	600
1225500	589
1226000	614
1226500	580
1227000	652
1227500	564
1228000	589
1228500	601
1229000	587
1229500	611
1230000	542
1230500	603
1231000	546
1231500	611
1232000	585
1232500	541
1233000	579
1233500	608
1234000	587
1234500	584
1235000	547
1235500	546
1236000	587
1236500	528
1237000	540
1237500	560
1238000	569
1238500	526
1239000	582
1239500	577
1240000	541
1240500	568
1241000	573
1241500	572
1242000	494
1242500	515
1243000	543
1243500	540
1244000	504
1244500	530
1245000	503
1245500	504
1246000	529
1246500	506
1247000	514
1247500	526
1248000	538
1248500	539
1249000	516
1249500	505
1250000	487
1250500	489
1251000	535
1251500	490
1252000	553
1252500	506
1253000	487
1253500	458
1254000	484
1254500	484
1255000	494
1255500	461
1256000	482
1256500	480
1257000	468
1257500	499
1258000	477
1258500	498
1259000	446
1259500	447
1260000	455
1260500	453
1261000	473
1261500	481
1262000	492
1262500	494
1263000	505
1263500	459
1264000	438
1264500	445
1265000	460
1265500	496
1266000	441
1266500	426
1267000	458
1267500	454
1268000	447
1268500	446
1269000	457
1269500	451
1270000	420
1270500	445
1271000	411
1271500	508
1272000	459
1272500	432
1273000	465
1273500	442
1274000	392
1274500	456
1275000	440
1275500	455
1276000	424
1276500	433
1277000	448
1277500	400
1278000	424
1278500	435
1279000	381
1279500	433
1280000	413
1280500	461
1281000	421
1281500	408
1282000	419
1282500	396
1283000	410
1283500	354
1284000	372
1284500	375
1285000	406
1285500	430
1286000	393
1286500	414
1287000	421
1287500	395
1288000	427
1288500	388
1289000	395
1289500	422
1290000	408
1290500	400
1291000	384
1291500	380
1292000	370
1292500	376
1293000	414
1293500	403
1294000	365
1294500	386
1295000	357
1295500	399
1296000	332
1296500	358
1297000	381
1297500	376
1298000	343
1298500	389
1299000	400
1299500	410
1300000	358
1300500	361
1301000	317
1301500	357
1302000	339
1302500	354
1303000	333
1303500	356
1304000	361
1304500	390
1305000	352
1305500	312
1306000	333
1306500	333
1307000	360
1307500	329
1308000	353
1308500	334
1309000	301
1309500	317
1310000	353
1310500	345
1311000	335
1311500	325
1312000	327
1312500	333
1313000	369
1313500	328
1314000	345
1314500	332
1315000	316
1315500	307
1316000	355
1316500	313
1317000	309
1317500	335
1318000	319
1318500	335
1319000	313
1319500	318
1320000	305
1320500	326
1321000	321
1321500	312
1322000	335
1322500	301
1323000	281
1323500	315
1324000	260
1324500	272
1325000	300
1325500	324
1326000	285
1326500	300
1327000	286
1327500	299
1328000	298
1328500	291
1329000	277
1329500	294
1330000	289
1330500	284
1331000	273
1331500	298
1332000	296
1332500	311
1333000	296
1333500	297
1334000	313
1334500	285
1335000	261
1335500	272
1336000	272
1336500	286
1337000	269
1337500	272
1338000	273
1338500	263
1339000	285
1339500	270
1340000	276
1340500	270
1341000	291
1341500	265
1342000	245
1342500	270
1343000	267
1343500	279
1344000	274
1344500	253
1345000	289
1345500	280
1346000	267
1346500	250
1347000	258
1347500	272
1348000	266
1348500	233
1349000	252
1349500	276
1350000	223
1350500	250
1351000	229
1351500	253
1352000	220
1352500	249
1353000	234
1353500	242
1354000	256
1354500	245
1355000	265
1355500	264
1356000	215
1356500	256
1357000	242
1357500	234
1358000	230
1358500	212
1359000	254
1359500	238
1360000	239
1360500	254
1361000	220
1361500	233
1362000	246
1362500	202
1363000	231
1363500	231
1364000	216
1364500	243
1365000	218
1365500	216
1366000	251
1366500	224
1367000	247
1367500	226
1368000	221
1368500	224
1369000	217
1369500	202
1370000	233
1370500	224
1371000	245
1371500	230
1372000	229
1372500	242
1373000	208
1373500	203
1374000	214
1374500	205
1375000	209
1375500	214
1376000	201
1376500	191
1377000	210
1377500	252
1378000	233
1378500	193
1379000	204
1379500	215
1380000	223
1380500	187
1381000	195
1381500	207
1382000	199
1382500	155
1383000	214
1383500	206
1384000	187
1384500	194
1385000	195
1385500	206
1386000	195
1386500	209
1387000	194
1387500	177
1388000	182
1388500	199
1389000	190
1389500	187
1390000	184
1390500	197
1391000	189
1391500	211
1392000	183
1392500	188
1393000	173
1393500	170
1394000	184
1394500	171
1395000	174
1395500	174
1396000	175
1396500	194
1397000	158
1397500	196
1398000	176
1398500	168
1399000	172
1399500	184
1400000	185
1400500	159
1401000	145
1401500	175
1402000	179
1402500	173
1403000	179
1403500	165
1404000	170
1404500	184
1405000	183
1405500	150
1406000	173
1406500	157
1407000	172
1407500	170
1408000	152
1408500	167
1409000	183
1409500	170
1410000	184
1410500	146
1411000	142
1411500	147
1412000	169
1412500	167
1413000	159
1413500	165
1414000	165
1414500	179
1415000	162
1415500	175
1416000	166
1416500	170
1417000	139
1417500	142
1418000	163
1418500	149
1419000	136
1419500	162
1420000	134
1420500	161
1421000	166
1421500	133
1422000	166
1422500	137
1423000	150
1423500	161
1424000	157
1424500	168
1425000	160
1425500	136
1426000	147
1426500	149
1427000	148
1427500	152
1428000	149
1428500	147
1429000	145
1429500	151
1430000	141
1430500	130
1431000	112
1431500	160
1432000	127
1432500	136
1433000	126
1433500	119
1434000	130
1434500	129
1435000	153
1435500	133
1436000	129
1436500	151
1437000	118
1437500	141
1438000	142
1438500	148
1439000	127
1439500	117
1440000	126
1440500	123
1441000	145
1441500	127
1442000	128
1442500	130
1443000	120
1443500	114
1444000	121
1444500	126
1445000	119
1445500	121
1446000	121
1446500	132
1447000	133
1447500	124
1448000	132
1448500	105
1449000	127
1449500	122
1450000	121
1450500	114
1451000	131
1451500	124
1452000	119
1452500	107
1453000	116
1453500	103
1454000	115
1454500	117
1455000	119
1455500	114
1456000	91
1456500	84
1457000	114
1457500	108
1458000	112
1458500	108
1459000	99
1459500	125
1460000	86
1460500	97
1461000	108
1461500	116
1462000	106
1462500	114
1463000	108
1463500	97
1464000	88
1464500	86
1465000	104
1465500	108
1466000	94
1466500	89
1467000	109
1467500	103
1468000	89
1468500	82
1469000	101
1469500	104
1470000	100
1470500	96
1471000	81
1471500	88
1472000	106
1472500	116
1473000	103
1473500	98
1474000	86
1474500	97
1475000	79
1475500	90
1476000	107
1476500	93
1477000	105
1477500	101
1478000	96
1478500	75
1479000	103
1479500	94
1480000	103
1480500	103
1481000	89
1481500	106
1482000	94
1482500	99
1483000	91
1483500	88
1484000	87
1484500	78
1485000	91
1485500	90
1486000	66
1486500	80
1487000	84
1487500	90
1488000	88
1488500	72
1489000	81
1489500	80
1490000	67
1490500	65
1491000	83
1491500	89
1492000	74
1492500	64
1493000	86
1493500	89
1494000	87
1494500	71
1495000	70
1495500	63
1496000	79
1496500	70
1497000	81
1497500	93
1498000	78
1498500	73
1499000	92
1499500	70
1500000	81
1500500	72
1501000	77
1501500	70
1502000	64
1502500	82
1503000	70
1503500	75
1504000	71
1504500	84
1505000	76
1505500	82
1506000	72
1506500	78
1507000	65
1507500	77
1508000	85
1508500	71
1509000	70
1509500	74
1510000	69
1510500	61
1511000	58
1511500	59
1512000	59
1512500	64
1513000	77
1513500	77
1514000	74
1514500	65
1515000	62
1515500	70
1516000	67
1516500	65
1517000	52
1517500	53
1518000	55
1518500	60
1519000	62
1519500	67
1520000	68
1520500	61
1521000	69
1521500	61
1522000	61
1522500	60
1523000	73
1523500	59
1524000	60
1524500	59
1525000	52
1525500	61
1526000	73
1526500	57
1527000	64
1527500	56
1528000	67
1528500	62
1529000	48
1529500	60
1530000	57
1530500	55
1531000	50
1531500	57
1532000	33
1532500	58
1533000	63
1533500	73
1534000	49
1534500	56
1535000	47
1535500	59
1536000	45
1536500	50
1537000	63
1537500	40
1538000	46
1538500	70
1539000	53
1539500	53
1540000	51
1540500	51
1541000	48
1541500	46
1542000	43
1542500	55
1543000	47
1543500	41
1544000	38
1544500	45
1545000	59
1545500	42
1546000	50
1546500	48
1547000	48
1547500	51
1548000	58
1548500	49
1549000	37
1549500	45
1550000	54
1550500	41
1551000	51
1551500	40
1552000	46
1552500	49
1553000	43
1553500	40
1554000	37
1554500	35
1555000	33
1555500	50
1556000	40
1556500	46
1557000	36
1557500	42
1558000	44
1558500	47
1559000	34
1559500	44
1560000	43
1560500	38
1561000	34
1561500	35
1562000	39
1562500	29
1563000	51
1563500	37
1564000	42
1564500	42
1565000	31
1565500	31
1566000	42
1566500	45
1567000	36
1567500	41
1568000	48
1568500	35
1569000	45
1569500	33
1570000	27
1570500	46
1571000	30
1571500	35
1572000	35
1572500	43
1573000	31
1573500	39
1574000	28
1574500	44
1575000	41
1575500	23
1576000	28
1576500	30
1577000	37
1577500	41
1578000	29
1578500	44
1579000	37
1579500	28
1580000	37
1580500	35
1581000	34
1581500	36
1582000	28
1582500	24
1583000	34
1583500	31
1584000	25
1584500	29
1585000	38
1585500	34
1586000	26
1586500	32
1587000	34
1587500	29
1588000	36
1588500	25
1589000	31
1589500	34
1590000	33
1590500	26
1591000	33
1591500	37
1592000	33
1592500	36
1593000	28
1593500	22
1594000	26
1594500	32
1595000	34
1595500	26
1596000	26
1596500	27
1597000	23
1597500	30
1598000	21
1598500	24
1599000	15
1599500	32
1600000	20
1600500	26
1601000	36
1601500	28
1602000	29
1602500	26
1603000	33
1603500	35
1604000	16
1604500	31
1605000	23
1605500	36
1606000	28
1606500	19
1607000	21
1607500	23
1608000	29
1608500	27
1609000	27
1609500	20
1610000	20
1610500	27
1611000	24
1611500	22
1612000	16
1612500	24
1613000	22
1613500	24
1614000	20
1614500	24
1615000	24
1615500	23
1616000	26
1616500	31
1617000	28
1617500	28
1618000	23
1618500	27
1619000	18
1619500	21
1620000	16
1620500	18
1621000	23
1621500	23
1622000	26
1622500	14
1623000	17
1623500	21
1624000	22
1624500	26
1625000	15
1625500	19
1626000	21
1626500	18
1627000	25
1627500	12
1628000	18
1628500	25
1629000	15
1629500	17
1630000	28
1630500	17
1631000	23
1631500	24
1632000	25
1632500	25
1633000	12
1633500	18
1634000	21
1634500	23
1635000	20
1635500	23
1636000	16
1636500	21
1637000	13
1637500	18
1638000	17
1638500	25
1639000	16
1639500	15
1640000	19
1640500	20
1641000	17
1641500	18
1642000	15
1642500	11
1643000	18
1643500	21
1644000	28
1644500	22
1645000	18
1645500	19
1646000	14
1646500	14
1647000	15
1647500	16
1648000	20
1648500	20
1649000	21
1649500	22
1650000	17
1650500	12
1651000	15
1651500	20
1652000	15
1652500	19
1653000	16
1653500	26
1654000	13
1654500	7
1655000	17
1655500	19
1656000	16
1656500	11
1657000	9
1657500	11
1658000	16
1658500	22
1659000	20
1659500	21
1660000	15
1660500	10
1661000	11
1661500	19
1662000	14
1662500	20
1663000	14
1663500	13
1664000	15
1664500	12
1665000	16
1665500	20
1666000	15
1666500	11
1667000	10
1667500	16
1668000	14
1668500	23
1669000	15
1669500	17
1670000	10
1670500	9
1671000	12
1671500	9
1672000	14
1672500	18
1673000	14
1673500	17
1674000	12
1674500	14
1675000	11
1675500	15
1676000	12
1676500	16
1677000	13
1677500	14
1678000	12
1678500	10
1679000	13
1679500	11
1680000	13
1680500	14
1681000	11
1681500	20
1682000	19
1682500	10
1683000	19
1683500	16
1684000	15
1684500	8
1685000	13
1685500	11
1686000	8
1686500	10
1687000	15
1687500	14
1688000	8
1688500	17
1689000	11
1689500	10
1690000	10
1690500	14
1691000	10
1691500	7
1692000	7
1692500	11
1693000	12
1693500	12
1694000	14
1694500	9
1695000	13
1695500	7
1696000	13
1696500	12
1697000	9
1697500	5
1698000	9
1698500	11
1699000	3
1699500	13
1700000	9
1700500	9
1701000	12
1701500	8
1702000	9
1702500	13
1703000	16
1703500	20
1704000	5
1704500	14
1705000	10
1705500	12
1706000	17
1706500	14
1707000	14
1707500	9
1708000	7
1708500	5
1709000	5
1709500	9
1710000	8
1710500	6
1711000	13
1711500	5
1712000	9
1712500	13
1713000	5
1713500	4
1714000	7
1714500	10
1715000	17
1715500	13
1716000	8
1716500	13
1717000	5
1717500	9
1718000	16
1718500	8
1719000	10
1719500	8
1720000	12
1720500	9
1721000	5
1721500	10
1722000	7
1722500	5
1723000	6
1723500	12
1724000	5
1724500	13
1725000	4
1725500	9
1726000	5
1726500	11
1727000	13
1727500	5
1728000	5
1728500	6
1729000	5
1729500	9
1730000	5
1730500	6
1731000	7
1731500	8
1732000	8
1732500	8
1733000	9
1733500	7
1734000	14
1734500	6
1735000	3
1735500	11
1736000	2
1736500	3
1737000	8
1737500	5
1738000	4
1738500	4
1739000	4
1739500	8
1740000	5
1740500	5
1741000	5
1741500	4
1742000	6
1742500	7
1743000	5
1743500	8
1744000	2
1744500	8
1745000	6
1745500	8
1746000	8
1746500	9
1747000	7
1747500	5
1748000	7
1748500	7
1749000	8
1749500	7
1750000	3
1750500	2
1751000	4
1751500	6
1752000	5
1752500	4
1753000	6
1753500	4
1754000	3
1754500	8
1755000	4
1755500	5
1756000	10
1756500	7
1757000	10
1757500	9
1758000	8
1758500	7
1759000	12
1759500	3
1760000	7
1760500	4
1761000	6
1761500	5
1762000	5
1762500	6
1763000	12
1763500	5
1764000	5
1764500	8
1765000	5
1765500	4
1766000	4
1766500	5
1767000	4
1767500	6
1768000	4
1768500	6
1769000	3
1769500	3
1770000	6
1770500	6
1771000	5
1771500	3
1772000	3
1772500	12
1773000	6
1773500	6
1774000	3
1774500	8
1775000	5
1775500	4
1776000	5
1776500	7
1777000	5
1777500	10
1778000	4
1778500	3
1779000	3
1779500	4
1780000	3
1780500	6
1781000	8
1781500	3
1782000	3
1782500	2
1783000	7
1783500	3
1784000	4
1784500	5
1785000	6
1786000	4
1786500	5
1787000	4
1787500	4
1788000	4
1788500	4
1789000	7
1789500	6
1790000	3
1790500	7
1791000	5
1791500	7
1792000	4
1792500	6
1793000	3
1793500	5
1794000	2
1794500	4
1795000	3
1795500	3
1796000	5
1796500	4
1797000	4
1797500	3
1798000	6
1798500	8
1799000	3
1799500	1
1800000	3
1800500	4
1801000	3
1801500	5
1802000	3
1802500	8
1803000	1
1803500	2
1804000	2
1804500	2
1805000	4
1805500	3
1806000	4
1806500	3
1807000	2
1807500	6
1808000	3
1808500	6
1809000	5
1810000	6
1810500	2
1811000	6
1811500	1
1812000	4
1812500	3
1813000	3
1813500	5
1814000	5
1814500	4
1815000	3
1815500	1
1816500	2
1817000	4
1817500	4
1818000	6
1818500	4
1819000	1
1819500	2
1820000	2
1820500	2
1821000	4
1822000	3
1822500	1
1823000	4
1823500	4
1824000	7
1824500	4
1825000	1
1825500	4
1826000	2
1826500	2
1827000	2
1827500	1
1828000	4
1828500	2
1829000	3
1829500	4
1830000	4
1830500	3
1831000	2
1831500	1
1832000	4
1832500	3
1833000	2
1833500	1
1834000	3
1834500	4
1835000	5
1835500	3
1836000	4
1836500	4
1837000	7
1837500	7
1838000	2
1838500	3
1839000	3
1839500	4
1840000	1
1840500	4
1841000	2
1842000	3
1842500	2
1843000	2
1843500	2
1844500	2
1845000	5
1845500	1
1846000	4
1846500	1
1847000	1
1847500	6
1848000	3
1848500	1
1849000	4
1849500	2
1850000	5
1850500	2
1851000	2
1851500	2
1852000	3
1852500	3
1853000	2
1853500	2
1854000	1
1854500	4
1855000	1
1855500	3
1856500	4
1857000	6
1857500	1
1858000	1
1858500	3
1859000	2
1859500	4
1860000	5
1860500	2
1861000	4
1861500	2
1862000	2
1862500	3
1863000	4
1863500	1
1864000	3
1864500	3
1865000	1
1865500	2
1866000	3
1866500	3
1867000	3
1867500	3
1868000	3
1868500	2
1869000	2
1869500	3
1870000	1
1870500	2
1871500	8
1872000	2
1873000	2
1873500	3
1874500	1
1875000	2
1875500	5
1876000	3
1876500	1
1877000	2
1877500	2
1878000	2
1878500	2
1879000	3
1879500	1
1880000	1
1880500	5
1881000	3
1881500	5
1882000	2
1882500	2
1883000	1
1883500	1
1884000	3
1884500	3
1885000	3
1885500	2
1886000	6
1886500	3
1887500	1
1888000	1
1888500	1
1889000	1
1889500	4
1890000	1
1890500	2
1891000	1
1891500	3
1892000	4
1892500	3
1893000	1
1893500	2
1894000	3
1894500	3
1896000	2
1896500	3
1897000	1
1897500	2
1898500	3
1899000	2
1899500	2
1900500	6
1901000	3
1901500	1
1902500	2
1903000	1
1904500	3
1905500	2
1906000	1
1907000	1
1908000	4
1910500	2
1911000	1
1911500	1
1912000	3
1912500	3
1913000	2
1913500	4
1914000	1
1914500	2
1915000	1
1915500	1
1916000	1
1917500	2
1918000	2
1919000	1
1921000	1
1921500	2
1922500	1
1923000	1
1923500	2
1924000	1
1924500	3
1925000	1
1926000	1
1926500	4
1927500	2
1929000	2
1929500	3
1930500	3
1931500	2
1933000	1
1933500	3
1935000	1
1935500	3
1936000	1
1937500	2
1938000	1
1938500	2
1939500	2
1940000	1
1940500	1
1941000	1
1942000	2
1942500	1
1943000	1
1943500	2
1944000	1
1945000	1
1945500	1
1946000	1
1946500	1
1947500	1
1948000	1
1948500	4
1949000	2
1949500	2
1950000	1
1951500	2
1953000	1
1955000	5
1956000	1
1956500	2
1957000	2
1957500	1
1958500	1
1959000	1
1959500	1
1961000	1
1962000	1
1962500	1
1963000	2
1963500	1
1964000	2
1965000	1
1965500	4
1966000	1
1967000	1
1967500	2
1968000	2
1969500	1
1970000	3
1970500	1
1971000	1
1971500	2
1972000	2
1972500	3
1973000	1
1974000	2
1974500	2
1975000	2
1975500	2
1976500	1
1977000	1
1977500	3
1978000	2
1979000	2
1980000	2
1981000	2
1981500	2
1982500	2
1983000	2
1983500	1
1984000	2
1984500	3
1985000	1
1985500	2
1986000	2
1986500	1
1987000	1
1989000	2
1989500	3
1990000	1
1990500	1
1991000	3
1992000	2
1992500	1
1993000	1
1993500	2
1994000	1
1995500	1
1996000	3
1996500	2
1997000	4
1997500	1
1998500	3
1999000	1
2000500	1
2001500	1
2002000	3
2002500	2
2003000	1
2003500	1
2004000	1
2004500	1
2005000	3
2006000	2
2007500	1
2008500	1
2009000	2
2009500	1
2010000	1
2010500	4
2011000	3
2011500	2
2013000	2
2014000	2
2014500	1
2015000	2
2015500	1
2016000	2
2017000	2
2017500	1
2018000	1
2018500	1
2019000	2
2019500	2
2021000	1
2024500	2
2025000	1
2026500	1
2027000	1
2027500	2
2028000	1
2028500	3
2029000	1
2030000	2
2030500	2
2031500	1
2032000	2
2032500	3
2033500	1
2034000	1
2035500	2
2036000	1
2037000	2
2038000	1
2039000	1
2039500	1
2040000	1
2040500	1
2041000	2
2042000	2
2042500	1
2043000	1
2043500	2
2044000	1
2045000	2
2045500	2
2046000	1
2047000	2
2047500	1
2049000	3
2049500	1
2050000	2
2050500	1
2051000	1
2051500	1
2052000	1
2052500	1
2053000	2
2053500	3
2054500	2
2057000	1
2057500	1
2058000	2
2058500	1
2059000	3
2060000	4
2061000	6
2061500	1
2062500	2
2063000	1
2063500	3
2064000	2
2064500	1
2065000	2
2066000	3
2067000	2
2067500	1
2068500	2
2069000	3
2069500	2
2070000	1
2070500	3
2071000	1
2071500	1
2072000	1
2072500	4
2073500	1
2074000	3
2074500	2
2075500	3
2076000	1
2076500	2
2077500	3
2078500	5
2079000	3
2079500	2
2080000	1
2080500	1
2081000	1
2081500	1
2082000	1
2082500	2
2083500	1
2084000	4
2084500	1
2085000	1
2086000	1
2087000	1
2088000	3
2089000	1
2089500	3
2090500	1
2091000	1
2091500	1
2092000	2
2092500	2
2093000	1
2094000	1
2094500	1
2095000	1
2095500	3
2096500	2
2097000	1
2098000	1
2098500	1
2099000	1
2099500	1
2100000	2
2101500	3
2103000	2
2103500	2
2104500	2
2105500	1
2106000	3
2106500	2
2107000	2
2107500	2
2108000	3
2108500	2
2109000	1
2109500	4
2110000	1
2111000	2
2112500	2
2113000	1
2113500	1
2114000	3
2114500	2
2115000	2
2115500	3
2116000	1
2116500	1
2117000	1
2118000	1
2118500	1
2120000	1
2120500	2
2121000	2
2121500	2
2122500	2
2123500	1
2124500	1
2125000	3
2126000	1
2127000	4
2127500	3
2128000	3
2128500	1
2129000	2
2129500	3
2130500	3
2131500	3
2132500	4
2134000	1
2134500	1
2135000	1
2136000	4
2136500	3
2137500	3
2138000	1
2139000	1
2139500	1
2141500	3
2142500	5
2143000	2
2144000	2
2145000	1
2146500	1
2147000	1
2147500	1
2148000	1
2150500	2
2151000	1
2151500	3
2152000	2
2153500	2
2154000	1
2154500	1
2155500	1
2156000	2
2157000	1
2158000	2
2158500	1
2160500	1
2161000	1
2161500	1
2162000	1
2162500	1
2163000	1
2164000	1
2165000	1
2165500	2
2166000	1
2166500	1
2168000	1
2169500	1
2170500	2
2173000	1
2173500	2
2174000	1
2176000	2
2177500	1
2178000	1
2180500	2
2181000	2
2183500	1
2184500	1
2185000	2
2185500	1
2186500	1
2188500	1
2189500	1
2193500	1
2195500	2
2197000	1
2197500	1
2199500	1
2200000	1
2201000	2
2201500	2
2202000	1
2203500	1
2204000	1
2205500	1
2208000	1
2208500	2
2209500	1
2210000	1
2210500	1
2211000	1
2213000	1
2214000	1
2216000	2
2216500	1
2218500	2
2219500	1
2220000	1
2222000	2
2224000	1
2224500	2
2225000	2
2225500	2
2226000	1
2227000	2
2228000	1
2228500	1
2229000	1
2230500	3
2231000	1
2232000	1
2233000	3
2233500	1
2235000	1
2235500	3
2237000	1
2238500	1
2239000	1
2239500	2
2243000	1
2243500	1
2244500	1
2246000	2
2247000	2
2249000	1
2251000	1
2251500	1
2252500	1
2254500	2
2255500	1
2256000	1
2257500	1
2261000	2
2262000	1
2263000	1
2263500	1
2265500	1
2267500	1
2269500	1
2273500	1
2278500	1
2280000	1
2282000	3
2284000	1
2285000	1
2288000	1
2289500	1
2290000	1
2293500	1
2294000	1
2295000	3
2298000	1
2298500	1
2299000	1
2301500	1
2302000	1
2305000	1
2309000	1
2310500	1
2314000	1
2315000	1
2317500	1
2319500	1
2320000	1
2321500	1
2322000	2
2322500	2
2324000	1
2324500	1
2326500	1
2328000	2
2329000	2
2330500	2
2332000	1
2333000	1
2337000	1
2337500	1
2338000	1
2338500	2
2339000	2
2341000	1
2341500	1
2343500	2
2344000	1
2344500	2
2345000	1
2348500	2
2349000	1
2350500	1
2351000	1
2351500	1
2353000	1
2354000	1
2354500	1
2356000	1
2357500	1
2358500	1
2360500	1
2362000	1
2362500	1
2364500	1
2365000	1
2365500	1
2370500	1
2371500	1
2372500	2
2374000	1
2376500	1
2379000	1
2381500	1
2382000	2
2383000	1
2385000	1
2386500	1
2389500	1
2390000	1
2390500	1
2392500	1
2395000	1
2396000	1
2399000	1
2399500	2
2401500	1
2402000	2
2402500	1
2405000	1
2407500	1
2408000	1
2409000	2
2413500	1
2414500	1
2415500	1
2417500	1
2422000	1
2423500	1
2424500	1
2425500	1
2426000	1
2428000	1
2428500	1
2431000	2
2432500	1
2434000	1
2434500	1
2435500	1
2437000	1
2437500	1
2438000	2
2438500	1
2444500	1
2445000	1
2445500	1
2447000	1
2447500	1
2448000	1
2448500	2
2449500	1
2451000	1
2452000	2
2453000	1
2453500	1
2454000	2
2454500	1
2455000	1
2456000	1
2456500	1
2458500	1
2460500	2
2461000	1
2461500	2
2463000	1
2463500	1
2464500	1
2465000	1
2466000	1
2470000	2
2471500	1
2472000	1
2473000	1
2474000	1
2474500	2
2476500	1
2477000	2
2478000	1
2478500	1
2479000	2
2484000	2
2486000	1
2487000	1
2492500	1
2493000	2
2494000	1
2496000	1
2499000	1
2500000	3
2501000	1
2503000	1
2504000	3
2504500	1
2506500	1
2507000	1
2508500	2
2509000	1
2509500	2
2510500	1
2511000	1
2511500	1
2512500	1
2513500	2
2514500	1
2516500	1
2517000	1
2517500	1
2518000	1
2520000	1
2521000	2
2523000	2
2523500	1
2527000	1
2528500	1
2530000	1
2533500	1
2534000	1
2534500	1
2535000	1
2537500	1
2538000	2
2540000	1
2541500	1
2542500	1
2543000	1
2543500	1
2544000	1
2549500	1
2550000	1
2551000	1
2551500	1
2553000	1
2553500	1
2556500	2
2560000	2
2561500	1
2562000	1
2563000	3
2564000	2
2565500	1
2566500	1
2567000	1
2567500	1
2568000	1
2568500	1
2569000	1
2569500	1
2570000	1
2571000	1
2571500	1
2572000	1
2574000	1
2574500	1
2575500	1
2576000	1
2577000	1
2579000	1
2580000	3
2581500	2
2582000	1
2584500	1
2587500	2
2589000	1
2589500	1
2591500	2
2593500	1
2594500	1
2595000	1
2596000	2
2598500	2
2599000	2
2600000	1
2600500	1
2601500	1
2602000	1
2602500	1
2603000	1
2604500	1
2605500	1
2606500	1
2608500	1
2612500	2
2613500	2
2614500	1
2615000	2
2616000	1
2617000	1
2617500	1
2619500	1
2620000	1
2621500	1
2622000	2
2622500	2
2623000	2
2624500	1
2625000	1
2626000	1
2627500	1
2629500	1
2630500	1
2631500	1
2634000	1
2635000	1
2635500	1
2636000	3
2636500	1
2637500	1
2638500	1
2640000	1
2641500	2
2643500	1
2644000	1
2644500	1
2645000	1
2645500	1
2647500	2
2649500	1
2650000	1
2650500	1
2652000	1
2652500	1
2655000	1
2656000	1
2657000	2
2657500	2
2658500	1
2659000	1
2660000	1
2660500	3
2661000	1
2661500	1
2662000	2
2663000	1
2664000	1
2664500	1
2665000	2
2665500	3
2666500	2
2667000	1
2667500	1
2669000	1
2669500	4
2670500	1
2671500	2
2672000	1
2672500	2
2673500	1
2674500	1
2675000	1
2676000	1
2676500	1
2677000	1
2677500	1
2678500	1
2679000	3
2679500	1
2680000	1
2680500	2
2681500	1
2682000	1
2682500	2
2683000	1
2684000	2
2684500	1
2685000	4
2685500	1
2686000	1
2687500	1
2688000	2
2688500	2
2689000	1
2690000	1
2690500	1
2693000	2
2693500	1
2695000	2
2695500	2
2696000	2
2697000	1
2698000	1
2698500	1
2699000	2
2700000	1
2701000	4
2701500	1
2702000	2
2702500	1
2703000	2
2703500	2
2704500	3
2705000	2
2706500	1
2707000	1
2707500	1
2708000	2
2708500	2
2709000	1
2709500	3
2710500	1
2711500	1
2712000	2
2712500	1
2713000	1
2714000	3
2714500	2
2715000	1
2715500	4
2717000	4
2717500	1
2719500	2
2720000	3
2721000	1
2721500	3
2722000	3
2723000	3
2723500	1
2724000	1
2724500	2
2725000	2
2725500	1
2726000	1
2726500	2
2727000	1
2728000	1
2728500	1
2729000	1
2729500	2
2730000	1
2730500	1
2731000	2
2731500	1
2732500	1
2733000	5
2734000	1
2735000	3
2735500	3
2736000	2
2736500	4
2737000	1
2737500	3
2738000	1
2738500	4
2739000	2
2739500	2
2740000	3
2741000	2
2742000	3
2742500	1
2743000	5
2743500	1
2744000	1
2744500	1
2745000	5
2745500	1
2746000	2
2746500	2
2747000	3
2748000	3
2748500	1
2749500	2
2750000	2
2750500	1
2751000	1
2751500	6
2752000	2
2752500	2
2753000	3
2753500	2
2754500	3
2755000	5
2756000	1
2756500	2
2758500	3
2759000	4
2760000	2
2760500	1
2761000	1
2762000	2
2762500	1
2763000	2
2763500	4
2764000	3
2765000	3
2765500	1
2766000	3
2767000	1
2767500	1
2768000	3
2768500	1
2769000	1
2769500	2
2770000	1
2770500	2
2771000	1
2771500	1
2772000	2
2773000	1
2774000	1
2774500	1
2775000	3
2775500	2
2776000	2
2776500	1
2777000	3
2777500	1
2778000	4
2778500	2
2779000	2
2779500	3
2780000	3
2781000	1
2781500	1
2782000	2
2782500	1
2783000	1
2783500	5
2784000	1
2784500	3
2785000	1
2785500	2
2786000	1
2787000	1
2787500	1
2788000	3
2789500	2
2790000	2
2790500	2
2791500	2
2792000	2
2792500	1
2793500	3
2794000	1
2794500	1
2795000	2
2796000	1
2797000	1
2797500	2
2798000	1
2798500	1
2799000	1
2799500	1
2800000	3
2801000	1
2802000	1
2802500	1
2803500	3
2805000	3
2805500	1
2806000	1
2806500	2
2807500	2
2808500	1
2809000	2
2809500	1
2812500	1
2813000	1
2813500	1
2814000	2
2814500	2
2815000	1
2816500	1
2817000	1
2818000	1
2818500	1
2819000	1
2820500	1
2821000	3
2822000	1
2824000	1
2824500	2
2827000	1
2828500	1
2830000	2
2832000	3
2833500	2
2834500	1
2835000	1
2835500	1
2837000	1
2840500	1
2841500	2
2842500	1
2843000	1
2846000	1
2847500	1
2850000	1
2853500	2
2854500	2
2855500	1
2856000	1
2856500	1
2857000	1
2860000	1
2861000	2
2862000	1
2864500	2
2865000	1
2866500	1
2870000	1
2871000	1
2872000	1
2873500	1
2874000	1
2879500	1
2880500	1
2883500	1
2885000	1
2887500	1
2888000	1
2894000	2
2894500	1
2896500	1
2898000	2
2898500	1
2900000	1
2901000	1
2904000	1
2905000	1
2907000	1
2907500	1
2909500	1
2910000	1
2911000	1
2913500	1
2914500	1
2915500	1
2916000	2
2921000	1
2921500	1
2926000	1
2927500	1
2932500	1
2933500	1
2935000	1
2937000	1
2939500	1
2940000	1
2942500	1
2945500	1
2951000	1
2954000	2
2962000	1
2964000	1
2965500	1
2966000	1
2968500	1
2970000	1
2970500	2
2979000	1
2987500	1
2991500	1
2992000	1
2993000	1
2993500	1
2994500	1
3000000	1
3005500	1
3006500	1
3007500	1
3012500	1
3013000	1
3013500	1
3015000	1
3025000	1
3031500	1
3032000	1
3033500	1
3037500	1
3041500	1
3042500	1
3043000	1
3045000	1
3048000	1
3053500	1
3061500	1
3063500	1
3068000	1
3069000	1
3072000	1
3082000	1
3085000	1
3085500	1
3112000	1
3114000	1
3132000	1
3143500	1
3145000	1
3153000	1
3164000	1
3166000	1
3172000	1
3222500	1
3291500	1
3335500	1
