# CHIME Latency Histogram - Range
# Bucket size: 500 ns
# Total samples: 9000000
# Format: latency_ns	count
31500	1
35000	1
35500	1
38000	2
38500	2
39000	8
39500	5
40000	3
40500	8
41000	5
41500	13
42000	6
42500	13
43000	13
43500	15
44000	9
44500	18
45000	14
45500	21
46000	26
46500	31
47000	36
47500	50
48000	52
48500	50
49000	57
49500	71
50000	71
50500	84
51000	97
51500	108
52000	97
52500	101
53000	144
53500	116
54000	165
54500	182
55000	201
55500	212
56000	237
56500	244
57000	288
57500	293
58000	327
58500	400
59000	338
59500	435
60000	422
60500	472
61000	558
61500	605
62000	633
62500	669
63000	733
63500	764
64000	845
64500	940
65000	901
65500	993
66000	1031
66500	1104
67000	1177
67500	1252
68000	1322
68500	1295
69000	1500
69500	1554
70000	1618
70500	1676
71000	1830
71500	1951
72000	1947
72500	1952
73000	2094
73500	2232
74000	2298
74500	2322
75000	2436
75500	2507
76000	2519
76500	2678
77000	2673
77500	2771
78000	2914
78500	2941
79000	3042
79500	3135
80000	3231
80500	3314
81000	3398
81500	3381
82000	3443
82500	3575
83000	3604
83500	3634
84000	3858
84500	3849
85000	3918
85500	4094
86000	4132
86500	4143
87000	4147
87500	4249
88000	4352
88500	4356
89000	4413
89500	4562
90000	4591
90500	4644
91000	4764
91500	4826
92000	4785
92500	4974
93000	4945
93500	4996
94000	5221
94500	4974
95000	5121
95500	5180
96000	5233
96500	5122
97000	5279
97500	5153
98000	5270
98500	5343
99000	5408
99500	5399
100000	5386
100500	5490
101000	5492
101500	5550
102000	5417
102500	5454
103000	5531
103500	5471
104000	5428
104500	5292
105000	5373
105500	5563
106000	5371
106500	5568
107000	5509
107500	5486
108000	5552
108500	5561
109000	5523
109500	5376
110000	5478
110500	5429
111000	5432
111500	5406
112000	5368
112500	5355
113000	5354
113500	5477
114000	5441
114500	5406
115000	5664
115500	5480
116000	5401
116500	5524
117000	5575
117500	5640
118000	5582
118500	5589
119000	5586
119500	5588
120000	5631
120500	5658
121000	5805
121500	5715
122000	5727
122500	5840
123000	5619
123500	5928
124000	5780
124500	6107
125000	5989
125500	5920
126000	6084
126500	6140
127000	6234
127500	6049
128000	6131
128500	6310
129000	6333
129500	6372
130000	6501
130500	6631
131000	6702
131500	6761
132000	6691
132500	6736
133000	6795
133500	6901
134000	7015
134500	7036
135000	7204
135500	7089
136000	7363
136500	7376
137000	7395
137500	7458
138000	7516
138500	7691
139000	7728
139500	7912
140000	7931
140500	7933
141000	7914
141500	8198
142000	8287
142500	8331
143000	8360
143500	8516
144000	8581
144500	8640
145000	8686
145500	8670
146000	8854
146500	8726
147000	8892
147500	8921
148000	9165
148500	9218
149000	9101
149500	9339
150000	9310
150500	9316
151000	9584
151500	9382
152000	9618
152500	9652
153000	9763
153500	9914
154000	9869
154500	9812
155000	9975
155500	9931
156000	10115
156500	10125
157000	10086
157500	10235
158000	10335
158500	10257
159000	10507
159500	10428
160000	10380
160500	10737
161000	10696
161500	10748
162000	10800
162500	10810
163000	10782
163500	10891
164000	10845
164500	10982
165000	10879
165500	10968
166000	11016
166500	11090
167000	11282
167500	11240
168000	11298
168500	11193
169000	11583
169500	11424
170000	11248
170500	11382
171000	11585
171500	11494
172000	11605
172500	11536
173000	11417
173500	11437
174000	11587
174500	11834
175000	11600
175500	11812
176000	11746
176500	11615
177000	11784
177500	11823
178000	11788
178500	11985
179000	11788
179500	11876
180000	11875
180500	12013
181000	11785
181500	11932
182000	12125
182500	11770
183000	11961
183500	11690
184000	11933
184500	11844
185000	12051
185500	11928
186000	11839
186500	11689
187000	11776
187500	11830
188000	11836
188500	11894
189000	11953
189500	11539
190000	11646
190500	11610
191000	11503
191500	11470
192000	11442
192500	11383
193000	11462
193500	11375
194000	11309
194500	11395
195000	11423
195500	11181
196000	11296
196500	11283
197000	11088
197500	10813
198000	10881
198500	10824
199000	11013
199500	10791
200000	10742
200500	10675
201000	10597
201500	10627
202000	10689
202500	10380
203000	10262
203500	10405
204000	10286
204500	10325
205000	10104
205500	9954
206000	9869
206500	9861
207000	9783
207500	9705
208000	9726
208500	9828
209000	9581
209500	9659
210000	9675
210500	9491
211000	9490
211500	9203
212000	9360
212500	9170
213000	9065
213500	9146
214000	8925
214500	8956
215000	8942
215500	8796
216000	8673
216500	8779
217000	8540
217500	8660
218000	8529
218500	8376
219000	8471
219500	8277
220000	8411
220500	8280
221000	8216
221500	8243
222000	8228
222500	8093
223000	7955
223500	7994
224000	7770
224500	7853
225000	7832
225500	7949
226000	7819
226500	7740
227000	7710
227500	7714
228000	7586
228500	7562
229000	7416
229500	7462
230000	7412
230500	7412
231000	7266
231500	7173
232000	7246
232500	7270
233000	7094
233500	7248
234000	7073
234500	7054
235000	6895
235500	6938
236000	6902
236500	6856
237000	6852
237500	6857
238000	6723
238500	6685
239000	6683
239500	6758
240000	6759
240500	6587
241000	6545
241500	6548
242000	6406
242500	6467
243000	6431
243500	6291
244000	6246
244500	6360
245000	6315
245500	6200
246000	6200
246500	6252
247000	6153
247500	6091
248000	6149
248500	5933
249000	6027
249500	5984
250000	5856
250500	5866
251000	5794
251500	5978
252000	5858
252500	5667
253000	5738
253500	5692
254000	5737
254500	5580
255000	5628
255500	5540
256000	5473
256500	5427
257000	5467
257500	5491
258000	5266
258500	5431
259000	5357
259500	5329
260000	5258
260500	5193
261000	5165
261500	5221
262000	5112
262500	5024
263000	5027
263500	5101
264000	4878
264500	5135
265000	4918
265500	4853
266000	4940
266500	4867
267000	4865
267500	4822
268000	4706
268500	4718
269000	4856
269500	4685
270000	4683
270500	4559
271000	4677
271500	4396
272000	4544
272500	4618
273000	4514
273500	4413
274000	4469
274500	4456
275000	4442
275500	4463
276000	4324
276500	4344
277000	4364
277500	4269
278000	4377
278500	4293
279000	4305
279500	4292
280000	4323
280500	4265
281000	4222
281500	4204
282000	4000
282500	4173
283000	4065
283500	4188
284000	4126
284500	4118
285000	4104
285500	4135
286000	4042
286500	3901
287000	4013
287500	4001
288000	4013
288500	3931
289000	3962
289500	3876
290000	3884
290500	3872
291000	3869
291500	3870
292000	3903
292500	3821
293000	3812
293500	3947
294000	3877
294500	3804
295000	3772
295500	3883
296000	3767
296500	3647
297000	3829
297500	3747
298000	3786
298500	3758
299000	3809
299500	3657
300000	3752
300500	3745
301000	3738
301500	3729
302000	3835
302500	3831
303000	3753
303500	3634
304000	3651
304500	3754
305000	3593
305500	3632
306000	3663
306500	3705
307000	3552
307500	3588
308000	3546
308500	3706
309000	3511
309500	3601
310000	3633
310500	3629
311000	3676
311500	3637
312000	3637
312500	3629
313000	3635
313500	3593
314000	3594
314500	3592
315000	3767
315500	3570
316000	3743
316500	3673
317000	3598
317500	3569
318000	3614
318500	3582
319000	3530
319500	3643
320000	3670
320500	3674
321000	3682
321500	3489
322000	3525
322500	3514
323000	3553
323500	3689
324000	3604
324500	3633
325000	3656
325500	3545
326000	3652
326500	3634
327000	3603
327500	3648
328000	3558
328500	3513
329000	3655
329500	3553
330000	3565
330500	3543
331000	3664
331500	3558
332000	3591
332500	3715
333000	3676
333500	3598
334000	3504
334500	3583
335000	3741
335500	3644
336000	3654
336500	3641
337000	3567
337500	3714
338000	3638
338500	3642
339000	3670
339500	3627
340000	3623
340500	3690
341000	3597
341500	3640
342000	3616
342500	3743
343000	3613
343500	3676
344000	3738
344500	3763
345000	3733
345500	3718
346000	3579
346500	3698
347000	3686
347500	3612
348000	3786
348500	3658
349000	3670
349500	3639
350000	3676
350500	3746
351000	3737
351500	3739
352000	3699
352500	3713
353000	3825
353500	3739
354000	3744
354500	3787
355000	3822
355500	3740
356000	3704
356500	3867
357000	3771
357500	3830
358000	3768
358500	3842
359000	3833
359500	3802
360000	3879
360500	3874
361000	3819
361500	3803
362000	3793
362500	3830
363000	3870
363500	3836
364000	3926
364500	3785
365000	3746
365500	3793
366000	3798
366500	3850
367000	3900
367500	3964
368000	3894
368500	3867
369000	3911
369500	3935
370000	3871
370500	3847
371000	3934
371500	3887
372000	3831
372500	3890
373000	3919
373500	3969
374000	3878
374500	3887
375000	3978
375500	4010
376000	4035
376500	4033
377000	4040
377500	3911
378000	3906
378500	3952
379000	3941
379500	3919
380000	3985
380500	3997
381000	4116
381500	3991
382000	4087
382500	3918
383000	4067
383500	3938
384000	3984
384500	4035
385000	4078
385500	4111
386000	4112
386500	4088
387000	4022
387500	3982
388000	4205
388500	4120
389000	4173
389500	4168
390000	4116
390500	4127
391000	4229
391500	4193
392000	4150
392500	4142
393000	4128
393500	4181
394000	4015
394500	4048
395000	4193
395500	4129
396000	4122
396500	4241
397000	4140
397500	4031
398000	4088
398500	4148
399000	4091
399500	4111
400000	4234
400500	4228
401000	4156
401500	4250
402000	4222
402500	4290
403000	4261
403500	4218
404000	4260
404500	4303
405000	4262
405500	4332
406000	4239
406500	4278
407000	4176
407500	4248
408000	4318
408500	4255
409000	4335
409500	4396
410000	4382
410500	4294
411000	4404
411500	4294
412000	4346
412500	4325
413000	4455
413500	4374
414000	4490
414500	4307
415000	4321
415500	4473
416000	4416
416500	4340
417000	4354
417500	4399
418000	4353
418500	4602
419000	4495
419500	4424
420000	4504
420500	4460
421000	4522
421500	4473
422000	4394
422500	4510
423000	4499
423500	4490
424000	4556
424500	4591
425000	4577
425500	4458
426000	4599
426500	4624
427000	4634
427500	4573
428000	4620
428500	4638
429000	4626
429500	4512
430000	4689
430500	4617
431000	4620
431500	4586
432000	4646
432500	4579
433000	4664
433500	4645
434000	4593
434500	4634
435000	4700
435500	4657
436000	4747
436500	4652
437000	4731
437500	4651
438000	4637
438500	4737
439000	4660
439500	4586
440000	4779
440500	4662
441000	4806
441500	4780
442000	4811
442500	4658
443000	4785
443500	4823
444000	4802
444500	4798
445000	4821
445500	4630
446000	4821
446500	4789
447000	4846
447500	4770
448000	4859
448500	4718
449000	4666
449500	4939
450000	4863
450500	4931
451000	4902
451500	4799
452000	4808
452500	4922
453000	4973
453500	4854
454000	4944
454500	4802
455000	4927
455500	5006
456000	4943
456500	4967
457000	4930
457500	5009
458000	4834
458500	4938
459000	4978
459500	4875
460000	4958
460500	4893
461000	4903
461500	4920
462000	4924
462500	5052
463000	5046
463500	5105
464000	5114
464500	5068
465000	5097
465500	5047
466000	5114
466500	5065
467000	5038
467500	5153
468000	5092
468500	5082
469000	5187
469500	5038
470000	5181
470500	5085
471000	5143
471500	5126
472000	5163
472500	5170
473000	5066
473500	5156
474000	5227
474500	5187
475000	5352
475500	5182
476000	5170
476500	5114
477000	5174
477500	5291
478000	5221
478500	5273
479000	5290
479500	5282
480000	5211
480500	5282
481000	5262
481500	5317
482000	5224
482500	5240
483000	5419
483500	5274
484000	5261
484500	5249
485000	5224
485500	5412
486000	5232
486500	5287
487000	5256
487500	5233
488000	5404
488500	5403
489000	5406
489500	5292
490000	5310
490500	5373
491000	5418
491500	5420
492000	5562
492500	5410
493000	5231
493500	5432
494000	5461
494500	5310
495000	5369
495500	5501
496000	5401
496500	5443
497000	5445
497500	5416
498000	5395
498500	5529
499000	5334
499500	5446
500000	5354
500500	5544
501000	5573
501500	5680
502000	5390
502500	5435
503000	5524
503500	5371
504000	5455
504500	5529
505000	5445
505500	5499
506000	5473
506500	5551
507000	5522
507500	5482
508000	5431
508500	5588
509000	5514
509500	5572
510000	5659
510500	5440
511000	5358
511500	5699
512000	5534
512500	5454
513000	5568
513500	5599
514000	5506
514500	5690
515000	5559
515500	5492
516000	5510
516500	5493
517000	5557
517500	5674
518000	5540
518500	5623
519000	5656
519500	5490
520000	5658
520500	5630
521000	5622
521500	5527
522000	5570
522500	5576
523000	5618
523500	5688
524000	5604
524500	5583
525000	5625
525500	5656
526000	5606
526500	5645
527000	5582
527500	5565
528000	5590
528500	5735
529000	5668
529500	5716
530000	5750
530500	5593
531000	5651
531500	5591
532000	5601
532500	5695
533000	5665
533500	5506
534000	5857
534500	5782
535000	5557
535500	5674
536000	5686
536500	5685
537000	5670
537500	5712
538000	5690
538500	5626
539000	5738
539500	5711
540000	5680
540500	5676
541000	5710
541500	5731
542000	5710
542500	5709
543000	5689
543500	5661
544000	5873
544500	5788
545000	5745
545500	5734
546000	5768
546500	5541
547000	5857
547500	5724
548000	5755
548500	5814
549000	5661
549500	5755
550000	5818
550500	5775
551000	5771
551500	5815
552000	5725
552500	5771
553000	5795
553500	5673
554000	5762
554500	5627
555000	5604
555500	5716
556000	5661
556500	5607
557000	5759
557500	5725
558000	5616
558500	5681
559000	5930
559500	5728
560000	5800
560500	5782
561000	5800
561500	5672
562000	5798
562500	5775
563000	5752
563500	5721
564000	5554
564500	5693
565000	5669
565500	5792
566000	5784
566500	5780
567000	5718
567500	5701
568000	5787
568500	5874
569000	5644
569500	5710
570000	5763
570500	5712
571000	5739
571500	5837
572000	5829
572500	5711
573000	5627
573500	5728
574000	5855
574500	5833
575000	5760
575500	5789
576000	5777
576500	5757
577000	5760
577500	5673
578000	5729
578500	5776
579000	5862
579500	5675
580000	5610
580500	5767
581000	5854
581500	5703
582000	5687
582500	5615
583000	5683
583500	5673
584000	5633
584500	5791
585000	5791
585500	5712
586000	5803
586500	5748
587000	5667
587500	5727
588000	5788
588500	5901
589000	5619
589500	5609
590000	5799
590500	5710
591000	5628
591500	5697
592000	5629
592500	5827
593000	5581
593500	5574
594000	5781
594500	5743
595000	5648
595500	5712
596000	5660
596500	5679
597000	5579
597500	5705
598000	5721
598500	5626
599000	5661
599500	5655
600000	5759
600500	5710
601000	5671
601500	5806
602000	5535
602500	5582
603000	5678
603500	5557
604000	5530
604500	5685
605000	5687
605500	5672
606000	5705
606500	5582
607000	5660
607500	5588
608000	5557
608500	5645
609000	5554
609500	5639
610000	5513
610500	5648
611000	5408
611500	5631
612000	5587
612500	5656
613000	5529
613500	5554
614000	5583
614500	5645
615000	5538
615500	5628
616000	5634
616500	5441
617000	5445
617500	5490
618000	5521
618500	5696
619000	5590
619500	5626
620000	5432
620500	5640
621000	5628
621500	5514
622000	5454
622500	5598
623000	5592
623500	5529
624000	5599
624500	5490
625000	5592
625500	5576
626000	5460
626500	5494
627000	5606
627500	5282
628000	5200
628500	5476
629000	5375
629500	5491
630000	5378
630500	5523
631000	5356
631500	5430
632000	5489
632500	5491
633000	5402
633500	5337
634000	5482
634500	5543
635000	5374
635500	5372
636000	5322
636500	5245
637000	5414
637500	5387
638000	5335
638500	5357
639000	5373
639500	5214
640000	5330
640500	5334
641000	5236
641500	5318
642000	5371
642500	5456
643000	5351
643500	5455
644000	5300
644500	5346
645000	5380
645500	5386
646000	5293
646500	5451
647000	5262
647500	5434
648000	5305
648500	5256
649000	5204
649500	5313
650000	5295
650500	5303
651000	5402
651500	5162
652000	5288
652500	5262
653000	5340
653500	5118
654000	5190
654500	5185
655000	5068
655500	5393
656000	5094
656500	5204
657000	5143
657500	5181
658000	5366
658500	5263
659000	5190
659500	5241
660000	5119
660500	5172
661000	5261
661500	5144
662000	5195
662500	5135
663000	5180
663500	5009
664000	5089
664500	5149
665000	5185
665500	5000
666000	5025
666500	5085
667000	5132
667500	5094
668000	5047
668500	5059
669000	5035
669500	5017
670000	5150
670500	5027
671000	5090
671500	5037
672000	4875
672500	4999
673000	4974
673500	5037
674000	4976
674500	4975
675000	4989
675500	5011
676000	4936
676500	4957
677000	4927
677500	4943
678000	4941
678500	5097
679000	4974
679500	4857
680000	5008
680500	4830
681000	4879
681500	4930
682000	4979
682500	4813
683000	4937
683500	4866
684000	4999
684500	4883
685000	4873
685500	4844
686000	4853
686500	4802
687000	4820
687500	4778
688000	4959
688500	5015
689000	4746
689500	4783
690000	4735
690500	4937
691000	4805
691500	4721
692000	4645
692500	4671
693000	4743
693500	4762
694000	4749
694500	4723
695000	4740
695500	4805
696000	4732
696500	4550
697000	4688
697500	4862
698000	4831
698500	4597
699000	4680
699500	4691
700000	4675
700500	4768
701000	4662
701500	4679
702000	4681
702500	4625
703000	4646
703500	4659
704000	4618
704500	4623
705000	4486
705500	4572
706000	4604
706500	4642
707000	4555
707500	4585
708000	4594
708500	4458
709000	4630
709500	4602
710000	4540
710500	4481
711000	4484
711500	4633
712000	4413
712500	4491
713000	4515
713500	4311
714000	4536
714500	4532
715000	4498
715500	4452
716000	4367
716500	4393
717000	4483
717500	4465
718000	4393
718500	4369
719000	4480
719500	4486
720000	4274
720500	4415
721000	4429
721500	4343
722000	4398
722500	4172
723000	4393
723500	4402
724000	4284
724500	4470
725000	4361
725500	4362
726000	4283
726500	4397
727000	4229
727500	4345
728000	4361
728500	4250
729000	4332
729500	4212
730000	4106
730500	4142
731000	4333
731500	4107
732000	4255
732500	4221
733000	4188
733500	4255
734000	4093
734500	4163
735000	4133
735500	4124
736000	4209
736500	4046
737000	4111
737500	4030
738000	4066
738500	4087
739000	4120
739500	4152
740000	4110
740500	4027
741000	4056
741500	4035
742000	4123
742500	4102
743000	4003
743500	4026
744000	4005
744500	3957
745000	3935
745500	3910
746000	4021
746500	3908
747000	3958
747500	4087
748000	3950
748500	3987
749000	3885
749500	3896
750000	4041
750500	3827
751000	3914
751500	3885
752000	3919
752500	4022
753000	3999
753500	3863
754000	3894
754500	3899
755000	3942
755500	3822
756000	4021
756500	3707
757000	3954
757500	3804
758000	3835
758500	3868
759000	3780
759500	3818
760000	3754
760500	3867
761000	3719
761500	3795
762000	3774
762500	3749
763000	3813
763500	3823
764000	3753
764500	3828
765000	3741
765500	3702
766000	3746
766500	3672
767000	3702
767500	3727
768000	3811
768500	3834
769000	3570
769500	3639
770000	3640
770500	3674
771000	3672
771500	3469
772000	3626
772500	3613
773000	3658
773500	3669
774000	3696
774500	3583
775000	3553
775500	3586
776000	3493
776500	3551
777000	3565
777500	3562
778000	3502
778500	3593
779000	3548
779500	3490
780000	3590
780500	3450
781000	3488
781500	3483
782000	3477
782500	3339
783000	3460
783500	3500
784000	3434
784500	3443
785000	3472
785500	3350
786000	3381
786500	3413
787000	3369
787500	3343
788000	3371
788500	3291
789000	3408
789500	3354
790000	3298
790500	3321
791000	3250
791500	3369
792000	3381
792500	3216
793000	3382
793500	3425
794000	3383
794500	3259
795000	3363
795500	3210
796000	3325
796500	3219
797000	3242
797500	3280
798000	3226
798500	3270
799000	3156
799500	3221
800000	3162
800500	3131
801000	3161
801500	3169
802000	3140
802500	3232
803000	3135
803500	3199
804000	3131
804500	3147
805000	3165
805500	3151
806000	3067
806500	3116
807000	3094
807500	3126
808000	3086
808500	3132
809000	3085
809500	3039
810000	3115
810500	3065
811000	3041
811500	2987
812000	2933
812500	3035
813000	3150
813500	3016
814000	3135
814500	2966
815000	3059
815500	2921
816000	3000
816500	2920
817000	2987
817500	2883
818000	3045
818500	2956
819000	2949
819500	2821
820000	2808
820500	2935
821000	2845
821500	2937
822000	2806
822500	2849
823000	2879
823500	2892
824000	2807
824500	2749
825000	2855
825500	2923
826000	2831
826500	2862
827000	2867
827500	2794
828000	2857
828500	2837
829000	2840
829500	2728
830000	2758
830500	2775
831000	2793
831500	2840
832000	2782
832500	2594
833000	2735
833500	2725
834000	2644
834500	2741
835000	2629
835500	2633
836000	2686
836500	2629
837000	2570
837500	2608
838000	2598
838500	2722
839000	2531
839500	2708
840000	2626
840500	2655
841000	2578
841500	2571
842000	2595
842500	2587
843000	2637
843500	2630
844000	2583
844500	2581
845000	2557
845500	2519
846000	2556
846500	2479
847000	2560
847500	2541
848000	2572
848500	2492
849000	2474
849500	2498
850000	2449
850500	2496
851000	2459
851500	2420
852000	2513
852500	2398
853000	2465
853500	2515
854000	2455
854500	2442
855000	2395
855500	2377
856000	2423
856500	2408
857000	2384
857500	2324
858000	2426
858500	2357
859000	2475
859500	2357
860000	2478
860500	2374
861000	2344
861500	2391
862000	2387
862500	2352
863000	2293
863500	2359
864000	2344
864500	2377
865000	2248
865500	2250
866000	2255
866500	2223
867000	2253
867500	2285
868000	2337
868500	2250
869000	2190
869500	2309
870000	2321
870500	2235
871000	2172
871500	2221
872000	2206
872500	2175
873000	2194
873500	2246
874000	2235
874500	2262
875000	2124
875500	2167
876000	2168
876500	2172
877000	2185
877500	2114
878000	2192
878500	2167
879000	2104
879500	2083
880000	2096
880500	2201
881000	2101
881500	2048
882000	2112
882500	2042
883000	2071
883500	2097
884000	1977
884500	2106
885000	2051
885500	2104
886000	2023
886500	2065
887000	2043
887500	2140
888000	2041
888500	2076
889000	2073
889500	2008
890000	1979
890500	2056
891000	2028
891500	1860
892000	1964
892500	1910
893000	2036
893500	1993
894000	1965
894500	1890
895000	1910
895500	1941
896000	1971
896500	1877
897000	2000
897500	1941
898000	1934
898500	1926
899000	1893
899500	1855
900000	1873
900500	1866
901000	1865
901500	1883
902000	1892
902500	1815
903000	1763
903500	1824
904000	1868
904500	1796
905000	1813
905500	1696
906000	1823
906500	1808
907000	1841
907500	1851
908000	1806
908500	1820
909000	1803
909500	1759
910000	1691
910500	1793
911000	1761
911500	1820
912000	1663
912500	1816
913000	1708
913500	1729
914000	1756
914500	1703
915000	1812
915500	1722
916000	1665
916500	1704
917000	1740
917500	1677
918000	1666
918500	1700
919000	1671
919500	1656
920000	1663
920500	1619
921000	1724
921500	1612
922000	1740
922500	1657
923000	1637
923500	1655
924000	1640
924500	1603
925000	1597
925500	1606
926000	1591
926500	1630
927000	1617
927500	1547
928000	1587
928500	1604
929000	1556
929500	1642
930000	1563
930500	1638
931000	1539
931500	1538
932000	1516
932500	1572
933000	1534
933500	1501
934000	1544
934500	1578
935000	1522
935500	1521
936000	1464
936500	1499
937000	1471
937500	1531
938000	1506
938500	1442
939000	1464
939500	1518
940000	1481
940500	1468
941000	1513
941500	1412
942000	1428
942500	1496
943000	1454
943500	1384
944000	1443
944500	1430
945000	1368
945500	1431
946000	1416
946500	1432
947000	1457
947500	1375
948000	1453
948500	1418
949000	1474
949500	1367
950000	1341
950500	1418
951000	1354
951500	1416
952000	1405
952500	1332
953000	1329
953500	1308
954000	1354
954500	1348
955000	1307
955500	1307
956000	1339
956500	1343
957000	1321
957500	1330
958000	1360
958500	1304
959000	1299
959500	1256
960000	1289
960500	1299
961000	1294
961500	1242
962000	1317
962500	1365
963000	1272
963500	1282
964000	1300
964500	1245
965000	1251
965500	1267
966000	1231
966500	1217
967000	1194
967500	1298
968000	1247
968500	1249
969000	1213
969500	1170
970000	1151
970500	1189
971000	1166
971500	1155
972000	1217
972500	1136
973000	1233
973500	1182
974000	1194
974500	1091
975000	1131
975500	1189
976000	1168
976500	1171
977000	1135
977500	1174
978000	1152
978500	1148
979000	1148
979500	1141
980000	1154
980500	1133
981000	1090
981500	1185
982000	1090
982500	1142
983000	1144
983500	1072
984000	1084
984500	1066
985000	1146
985500	1078
986000	1096
986500	1051
987000	1081
987500	1051
988000	1084
988500	1075
989000	1057
989500	1035
990000	1010
990500	1101
991000	1028
991500	1065
992000	1029
992500	1034
993000	1042
993500	1062
994000	1005
994500	987
995000	1014
995500	1005
996000	1020
996500	1019
997000	994
997500	1041
998000	962
998500	986
999000	984
999500	954
1000000	1017
1000500	1014
1001000	991
1001500	966
1002000	990
1002500	957
1003000	992
1003500	951
1004000	953
1004500	934
1005000	963
1005500	934
1006000	946
1006500	968
1007000	951
1007500	912
1008000	922
1008500	885
1009000	928
1009500	949
1010000	954
1010500	908
1011000	898
1011500	892
1012000	878
1012500	922
1013000	930
1013500	903
1014000	837
1014500	917
1015000	918
1015500	906
1016000	843
1016500	872
1017000	852
1017500	877
1018000	864
1018500	894
1019000	833
1019500	838
1020000	880
1020500	872
1021000	875
1021500	855
1022000	799
1022500	878
1023000	839
1023500	852
1024000	831
1024500	828
1025000	816
1025500	847
1026000	738
1026500	788
1027000	820
1027500	811
1028000	827
1028500	775
1029000	856
1029500	835
1030000	827
1030500	770
1031000	859
1031500	753
1032000	774
1032500	772
1033000	798
1033500	744
1034000	803
1034500	735
1035000	769
1035500	753
1036000	745
1036500	750
1037000	772
1037500	757
1038000	766
1038500	684
1039000	698
1039500	770
1040000	739
1040500	698
1041000	690
1041500	719
1042000	690
1042500	714
1043000	732
1043500	731
1044000	692
1044500	706
1045000	735
1045500	698
1046000	718
1046500	726
1047000	698
1047500	720
1048000	706
1048500	645
1049000	654
1049500	705
1050000	676
1050500	701
1051000	688
1051500	672
1052000	693
1052500	660
1053000	691
1053500	687
1054000	644
1054500	676
1055000	669
1055500	672
1056000	644
1056500	645
1057000	620
1057500	679
1058000	666
1058500	634
1059000	622
1059500	634
1060000	656
1060500	617
1061000	656
1061500	652
1062000	613
1062500	608
1063000	605
1063500	599
1064000	629
1064500	657
1065000	616
1065500	558
1066000	616
1066500	608
1067000	615
1067500	599
1068000	601
1068500	601
1069000	602
1069500	560
1070000	609
1070500	614
1071000	577
1071500	569
1072000	601
1072500	566
1073000	599
1073500	622
1074000	563
1074500	575
1075000	576
1075500	543
1076000	605
1076500	561
1077000	547
1077500	531
1078000	547
1078500	546
1079000	537
1079500	557
1080000	547
1080500	544
1081000	569
1081500	511
1082000	560
1082500	521
1083000	522
1083500	536
1084000	544
1084500	529
1085000	499
1085500	565
1086000	473
1086500	497
1087000	505
1087500	538
1088000	539
1088500	538
1089000	535
1089500	463
1090000	502
1090500	486
1091000	529
1091500	542
1092000	520
1092500	488
1093000	481
1093500	486
1094000	457
1094500	518
1095000	445
1095500	475
1096000	486
1096500	459
1097000	483
1097500	467
1098000	504
1098500	486
1099000	434
1099500	435
1100000	445
1100500	457
1101000	432
1101500	435
1102000	452
1102500	480
1103000	451
1103500	432
1104000	450
1104500	409
1105000	462
1105500	423
1106000	449
1106500	439
1107000	419
1107500	417
1108000	451
1108500	460
1109000	414
1109500	441
1110000	459
1110500	391
1111000	401
1111500	387
1112000	423
1112500	439
1113000	406
1113500	423
1114000	404
1114500	401
1115000	410
1115500	410
1116000	432
1116500	380
1117000	410
1117500	400
1118000	410
1118500	374
1119000	383
1119500	395
1120000	435
1120500	397
1121000	396
1121500	378
1122000	392
1122500	332
1123000	389
1123500	374
1124000	367
1124500	363
1125000	356
1125500	390
1126000	338
1126500	387
1127000	327
1127500	343
1128000	347
1128500	385
1129000	355
1129500	367
1130000	337
1130500	334
1131000	341
1131500	386
1132000	346
1132500	364
1133000	348
1133500	372
1134000	351
1134500	347
1135000	317
1135500	340
1136000	355
1136500	319
1137000	315
1137500	340
1138000	330
1138500	338
1139000	293
1139500	352
1140000	325
1140500	327
1141000	314
1141500	315
1142000	313
1142500	305
1143000	300
1143500	300
1144000	315
1144500	291
1145000	300
1145500	304
1146000	272
1146500	266
1147000	281
1147500	315
1148000	291
1148500	285
1149000	316
1149500	310
1150000	307
1150500	310
1151000	316
1151500	305
1152000	274
1152500	275
1153000	276
1153500	287
1154000	264
1154500	275
1155000	298
1155500	280
1156000	266
1156500	267
1157000	269
1157500	279
1158000	274
1158500	249
1159000	269
1159500	285
1160000	238
1160500	255
1161000	262
1161500	265
1162000	243
1162500	289
1163000	234
1163500	265
1164000	254
1164500	229
1165000	262
1165500	258
1166000	248
1166500	248
1167000	259
1167500	260
1168000	245
1168500	259
1169000	218
1169500	247
1170000	256
1170500	232
1171000	278
1171500	252
1172000	224
1172500	228
1173000	222
1173500	221
1174000	228
1174500	257
1175000	223
1175500	250
1176000	223
1176500	241
1177000	236
1177500	227
1178000	193
1178500	237
1179000	220
1179500	217
1180000	230
1180500	236
1181000	229
1181500	225
1182000	215
1182500	210
1183000	205
1183500	198
1184000	221
1184500	230
1185000	194
1185500	203
1186000	180
1186500	200
1187000	211
1187500	199
1188000	190
1188500	218
1189000	195
1189500	186
1190000	189
1190500	181
1191000	206
1191500	180
1192000	190
1192500	191
1193000	169
1193500	199
1194000	191
1194500	167
1195000	207
1195500	188
1196000	178
1196500	180
1197000	172
1197500	176
1198000	208
1198500	174
1199000	166
1199500	186
1200000	167
1200500	190
1201000	190
1201500	171
1202000	184
1202500	172
1203000	188
1203500	156
1204000	168
1204500	179
1205000	181
1205500	164
1206000	160
1206500	169
1207000	186
1207500	182
1208000	175
1208500	160
1209000	150
1209500	180
1210000	162
1210500	129
1211000	164
1211500	152
1212000	157
1212500	153
1213000	151
1213500	161
1214000	186
1214500	160
1215000	149
1215500	149
1216000	163
1216500	155
1217000	143
1217500	156
1218000	159
1218500	156
1219000	120
1219500	146
1220000	152
1220500	138
1221000	138
1221500	133
1222000	147
1222500	127
1223000	123
1223500	133
1224000	130
1224500	145
1225000	116
1225500	134
1226000	135
1226500	150
1227000	131
1227500	133
1228000	128
1228500	152
1229000	121
1229500	126
1230000	139
1230500	132
1231000	113
1231500	133
1232000	142
1232500	141
1233000	120
1233500	116
1234000	150
1234500	110
1235000	136
1235500	110
1236000	120
1236500	123
1237000	123
1237500	132
1238000	133
1238500	124
1239000	129
1239500	107
1240000	126
1240500	122
1241000	121
1241500	119
1242000	122
1242500	131
1243000	107
1243500	129
1244000	114
1244500	115
1245000	115
1245500	109
1246000	115
1246500	100
1247000	111
1247500	112
1248000	99
1248500	121
1249000	110
1249500	116
1250000	99
1250500	111
1251000	112
1251500	98
1252000	93
1252500	116
1253000	102
1253500	92
1254000	92
1254500	100
1255000	99
1255500	116
1256000	103
1256500	119
1257000	113
1257500	122
1258000	99
1258500	96
1259000	101
1259500	98
1260000	99
1260500	89
1261000	97
1261500	99
1262000	88
1262500	85
1263000	79
1263500	93
1264000	97
1264500	84
1265000	108
1265500	96
1266000	103
1266500	82
1267000	110
1267500	91
1268000	79
1268500	87
1269000	100
1269500	90
1270000	83
1270500	78
1271000	80
1271500	78
1272000	78
1272500	81
1273000	81
1273500	81
1274000	91
1274500	63
1275000	88
1275500	58
1276000	96
1276500	82
1277000	78
1277500	79
1278000	65
1278500	76
1279000	78
1279500	73
1280000	80
1280500	76
1281000	78
1281500	80
1282000	71
1282500	63
1283000	84
1283500	84
1284000	64
1284500	75
1285000	59
1285500	80
1286000	54
1286500	71
1287000	66
1287500	61
1288000	66
1288500	85
1289000	76
1289500	74
1290000	53
1290500	60
1291000	65
1291500	65
1292000	58
1292500	59
1293000	63
1293500	77
1294000	81
1294500	54
1295000	62
1295500	56
1296000	67
1296500	56
1297000	64
1297500	77
1298000	57
1298500	50
1299000	74
1299500	57
1300000	63
1300500	66
1301000	60
1301500	53
1302000	40
1302500	59
1303000	46
1303500	62
1304000	72
1304500	62
1305000	72
1305500	63
1306000	70
1306500	49
1307000	65
1307500	68
1308000	66
1308500	62
1309000	55
1309500	59
1310000	52
1310500	59
1311000	64
1311500	57
1312000	45
1312500	58
1313000	58
1313500	60
1314000	41
1314500	50
1315000	60
1315500	54
1316000	55
1316500	64
1317000	45
1317500	46
1318000	48
1318500	53
1319000	53
1319500	52
1320000	58
1320500	39
1321000	54
1321500	46
1322000	46
1322500	47
1323000	57
1323500	55
1324000	49
1324500	37
1325000	50
1325500	46
1326000	55
1326500	37
1327000	50
1327500	48
1328000	28
1328500	42
1329000	42
1329500	54
1330000	56
1330500	43
1331000	42
1331500	39
1332000	40
1332500	52
1333000	45
1333500	50
1334000	44
1334500	48
1335000	41
1335500	43
1336000	43
1336500	47
1337000	48
1337500	48
1338000	35
1338500	43
1339000	44
1339500	37
1340000	50
1340500	40
1341000	40
1341500	39
1342000	35
1342500	55
1343000	37
1343500	43
1344000	32
1344500	38
1345000	39
1345500	38
1346000	41
1346500	42
1347000	32
1347500	35
1348000	35
1348500	42
1349000	26
1349500	27
1350000	36
1350500	35
1351000	31
1351500	35
1352000	39
1352500	26
1353000	24
1353500	29
1354000	39
1354500	41
1355000	33
1355500	31
1356000	34
1356500	35
1357000	29
1357500	27
1358000	43
1358500	30
1359000	28
1359500	44
1360000	29
1360500	33
1361000	38
1361500	31
1362000	32
1362500	34
1363000	34
1363500	32
1364000	27
1364500	28
1365000	47
1365500	22
1366000	30
1366500	35
1367000	34
1367500	36
1368000	37
1368500	25
1369000	28
1369500	33
1370000	28
1370500	28
1371000	28
1371500	28
1372000	35
1372500	29
1373000	29
1373500	48
1374000	22
1374500	22
1375000	23
1375500	45
1376000	19
1376500	33
1377000	34
1377500	26
1378000	28
1378500	24
1379000	34
1379500	33
1380000	27
1380500	20
1381000	27
1381500	20
1382000	21
1382500	22
1383000	27
1383500	19
1384000	24
1384500	20
1385000	22
1385500	28
1386000	14
1386500	16
1387000	29
1387500	25
1388000	23
1388500	19
1389000	25
1389500	16
1390000	31
1390500	25
1391000	20
1391500	18
1392000	27
1392500	19
1393000	11
1393500	28
1394000	28
1394500	23
1395000	28
1395500	27
1396000	16
1396500	20
1397000	18
1397500	22
1398000	27
1398500	23
1399000	19
1399500	23
1400000	15
1400500	23
1401000	18
1401500	20
1402000	13
1402500	21
1403000	18
1403500	17
1404000	24
1404500	23
1405000	16
1405500	18
1406000	20
1406500	18
1407000	25
1407500	18
1408000	26
1408500	23
1409000	13
1409500	18
1410000	17
1410500	10
1411000	20
1411500	20
1412000	11
1412500	20
1413000	14
1413500	22
1414000	17
1414500	17
1415000	16
1415500	24
1416000	16
1416500	21
1417000	22
1417500	19
1418000	20
1418500	20
1419000	18
1419500	18
1420000	16
1420500	16
1421000	16
1421500	14
1422000	13
1422500	17
1423000	28
1423500	23
1424000	15
1424500	17
1425000	21
1425500	16
1426000	15
1426500	18
1427000	12
1427500	16
1428000	16
1428500	11
1429000	14
1429500	11
1430000	13
1430500	14
1431000	11
1431500	13
1432000	20
1432500	16
1433000	21
1433500	15
1434000	11
1434500	14
1435000	17
1435500	18
1436000	13
1436500	12
1437000	11
1437500	10
1438000	14
1438500	11
1439000	14
1439500	14
1440000	17
1440500	6
1441000	10
1441500	13
1442000	22
1442500	16
1443000	10
1443500	10
1444000	13
1444500	14
1445000	13
1445500	11
1446000	7
1446500	11
1447000	8
1447500	11
1448000	13
1448500	13
1449000	15
1449500	14
1450000	10
1450500	18
1451000	10
1451500	5
1452000	7
1452500	6
1453000	9
1453500	21
1454000	8
1454500	13
1455000	11
1455500	12
1456000	14
1456500	14
1457000	10
1457500	16
1458000	9
1458500	11
1459000	7
1459500	11
1460000	17
1460500	11
1461000	9
1461500	5
1462000	5
1462500	15
1463000	10
1463500	17
1464000	13
1464500	9
1465000	8
1465500	3
1466000	12
1466500	7
1467000	4
1467500	10
1468000	9
1468500	9
1469000	8
1469500	4
1470000	18
1470500	11
1471000	10
1471500	12
1472000	6
1472500	8
1473000	6
1473500	6
1474000	7
1474500	3
1475000	7
1475500	5
1476000	10
1476500	8
1477000	8
1477500	8
1478000	7
1478500	5
1479000	6
1479500	8
1480000	9
1480500	5
1481000	6
1481500	5
1482000	14
1482500	7
1483000	8
1483500	8
1484000	8
1484500	4
1485000	14
1485500	9
1486000	7
1486500	7
1487000	10
1487500	6
1488000	9
1488500	7
1489000	10
1489500	9
1490000	7
1490500	10
1491000	6
1491500	6
1492000	5
1492500	7
1493000	7
1493500	8
1494000	4
1494500	6
1495000	6
1495500	7
1496000	3
1496500	5
1497000	8
1497500	11
1498000	6
1498500	4
1499000	5
1499500	7
1500000	6
1500500	5
1501000	6
1501500	9
1502000	10
1502500	10
1503000	9
1503500	7
1504000	8
1504500	8
1505000	4
1505500	8
1506000	7
1506500	6
1507000	7
1507500	3
1508000	4
1508500	5
1509000	1
1509500	4
1510000	6
1510500	4
1511000	3
1511500	6
1512000	6
1512500	4
1513000	6
1513500	6
1514000	7
1514500	4
1515000	6
1515500	4
1516000	4
1516500	9
1517000	8
1517500	5
1518000	5
1518500	9
1519000	1
1519500	2
1520000	4
1520500	3
1521000	3
1521500	4
1522000	8
1522500	3
1523000	3
1523500	6
1524000	2
1524500	5
1525000	5
1525500	2
1526000	5
1526500	2
1527000	4
1527500	5
1528000	3
1528500	5
1529000	6
1529500	6
1530000	2
1530500	6
1531000	8
1531500	5
1532000	1
1532500	2
1533000	3
1533500	4
1534000	3
1534500	3
1535000	4
1535500	2
1536500	1
1537000	5
1537500	6
1538000	3
1538500	4
1539000	1
1539500	2
1540000	3
1540500	2
1541000	3
1541500	2
1542000	2
1542500	1
1543000	4
1543500	3
1544000	3
1544500	3
1545500	2
1546000	4
1546500	4
1547000	4
1547500	3
1548000	3
1548500	4
1549000	6
1549500	3
1550000	5
1550500	2
1551000	2
1551500	4
1552000	4
1552500	3
1553000	2
1553500	1
1554000	4
1554500	2
1555000	1
1555500	3
1556000	1
1557000	5
1557500	1
1558000	4
1558500	2
1559000	3
1559500	2
1560000	2
1560500	7
1561000	4
1561500	2
1562000	2
1562500	2
1563000	2
1563500	2
1564000	2
1564500	2
1565000	1
1565500	4
1566000	5
1566500	3
1567000	1
1567500	1
1568000	3
1568500	1
1569000	2
1570000	3
1570500	1
1571000	1
1571500	6
1572000	1
1572500	2
1573000	2
1573500	2
1574000	4
1574500	3
1575000	2
1575500	2
1576000	6
1576500	2
1577000	3
1577500	2
1578000	2
1578500	4
1579000	2
1579500	4
1580000	1
1580500	2
1581500	3
1582000	2
1582500	1
1583000	3
1583500	2
1584000	4
1584500	6
1585000	1
1585500	2
1586000	1
1586500	3
1587000	1
1587500	6
1588000	1
1588500	3
1589000	2
1590000	7
1590500	2
1591500	4
1592000	5
1592500	3
1593000	2
1593500	2
1594000	1
1594500	1
1595000	3
1595500	2
1596500	1
1597000	3
1597500	1
1598000	2
1598500	2
1599000	1
1600000	2
1600500	4
1601000	4
1601500	6
1602000	2
1602500	1
1603000	3
1603500	4
1604000	3
1604500	3
1605000	2
1605500	1
1606000	1
1606500	1
1607000	1
1608000	2
1608500	1
1609500	1
1610000	1
1610500	1
1611000	1
1611500	3
1612000	1
1612500	2
1613500	1
1614000	2
1614500	1
1615000	2
1615500	2
1616000	2
1616500	1
1617000	1
1617500	5
1618000	3
1618500	1
1619000	3
1619500	2
1620500	1
1621000	1
1622000	1
1622500	1
1623000	2
1623500	1
1624500	1
1625000	1
1625500	1
1626500	6
1627000	3
1628000	3
1629000	1
1629500	4
1630000	2
1630500	2
1631000	2
1631500	4
1632500	6
1634500	1
1635500	1
1636500	1
1637000	2
1638500	2
1639500	2
1640500	3
1641000	1
1644000	1
1644500	1
1645000	3
1646000	1
1647000	1
1648000	1
1648500	4
1650000	4
1650500	2
1651000	1
1652000	3
1652500	1
1653500	1
1654500	3
1655000	1
1655500	1
1658000	2
1658500	4
1659000	1
1660000	3
1661000	2
1661500	4
1662000	1
1662500	1
1663000	1
1663500	1
1664000	2
1664500	2
1667500	1
1668000	1
1668500	2
1670000	2
1670500	2
1671500	1
1672000	2
1674000	2
1674500	1
1676000	1
1676500	2
1677000	1
1677500	3
1678000	1
1678500	1
1679000	4
1679500	1
1680000	2
1680500	1
1681000	1
1681500	1
1682500	2
1683000	1
1683500	2
1684000	1
1684500	1
1685500	1
1686000	1
1687500	1
1688000	1
1689500	1
1690000	1
1690500	2
1691000	2
1692000	1
1692500	2
1693500	3
1696500	2
1697500	1
1698000	1
1698500	2
1699500	1
1700500	1
1701000	1
1701500	1
1703500	1
1704000	1
1705500	1
1707000	3
1707500	2
1708000	1
1708500	2
1709000	1
1710500	2
1712500	1
1713500	1
1714500	1
1715500	1
1716500	1
1717500	3
1718000	1
1718500	2
1719500	3
1720000	2
1720500	1
1721500	1
1722000	1
1722500	1
1723000	4
1723500	3
1724500	1
1725500	1
1727500	1
1728000	2
1730000	1
1730500	1
1733000	1
1733500	1
1735500	1
1738000	2
1739000	2
1740000	2
1741000	1
1741500	1
1742000	1
1742500	1
1744000	1
1745000	1
1746000	2
1746500	1
1747000	1
1749000	1
1749500	1
1750000	2
1751500	1
1753000	2
1754000	1
1754500	2
1755500	1
1758000	1
1760000	1
1761000	1
1761500	1
1764500	1
1765000	3
1766500	1
1767000	1
1767500	1
1768000	2
1769500	1
1770000	1
1771000	1
1771500	1
1773000	1
1773500	1
1775500	3
1776000	1
1777500	1
1778500	2
1779500	1
1780000	1
1781000	1
1781500	2
1782000	2
1782500	1
1783500	1
1784000	1
1784500	1
1785500	1
1787000	1
1788500	1
1791000	2
1791500	1
1792000	1
1794500	1
1796500	1
1798000	1
1800500	1
1801000	1
1802000	1
1803000	1
1804000	1
1806500	1
1807000	1
1808000	1
1809000	1
1810000	2
1814000	1
1814500	1
1816000	1
1817500	1
1818500	1
1819500	2
1820500	1
1821000	2
1822500	3
1823000	3
1824500	1
1826000	1
1828000	1
1828500	3
1829000	2
1829500	2
1830500	1
1832000	2
1833000	1
1834500	1
1836000	2
1836500	1
1837000	2
1837500	1
1838000	1
1839000	1
1841000	1
1842000	1
1844500	1
1845500	2
1846000	2
1847000	1
1847500	4
1848000	1
1848500	2
1849500	2
1850000	2
1851000	2
1851500	1
1852000	1
1853000	1
1853500	1
1854000	1
1854500	2
1855000	1
1855500	1
1856000	1
1856500	1
1858000	3
1859000	1
1862000	1
1862500	1
1863500	1
1864000	1
1865000	1
1865500	1
1866000	1
1866500	1
1868000	2
1868500	2
1870500	1
1871000	1
1872000	1
1873000	1
1874000	2
1874500	1
1875500	1
1876000	1
1876500	2
1878000	1
1878500	1
1879000	1
1880500	1
1884500	3
1885000	2
1887500	1
1891000	1
1893000	1
1895000	1
1895500	2
1896500	1
1897000	1
1898000	2
1899500	2
1901000	1
1902500	2
1903000	1
1904000	1
1906500	1
1907000	1
1907500	1
1908000	1
1908500	1
1910000	1
1910500	1
1911500	1
1912500	2
1913500	1
1914500	1
1917000	1
1918000	1
1919000	2
1919500	1
1921000	1
1921500	1
1923500	1
1925000	1
1926000	1
1928000	1
1929500	1
1931500	1
1932000	2
1933000	1
1934000	1
1935500	1
1937000	1
1938000	1
1939000	2
1939500	1
1940500	3
1941000	1
1944000	1
1944500	1
1945500	1
1946000	3
1946500	1
1948000	2
1949000	1
1949500	1
1951000	1
1952500	1
1953000	1
1953500	1
1954000	1
1955500	1
1956000	1
1957000	1
1958000	3
1958500	1
1959000	2
1960500	1
1961500	1
1962500	1
1964500	1
1966500	1
1967000	2
1968500	1
1971000	1
1972000	1
1972500	1
1973000	2
1973500	1
1976000	3
1980000	2
1981500	1
1984000	2
1985000	1
1985500	1
1986000	1
1986500	3
1988500	1
1991000	1
1992500	2
1993000	2
1994500	1
1996000	1
1996500	2
1997000	2
1998500	1
1999500	1
2000000	2
2000500	1
2001000	1
2002000	1
2004000	1
2004500	1
2006000	1
2006500	1
2007000	2
2008500	1
2009500	1
2010000	1
2011000	1
2011500	1
2012000	1
2012500	1
2013000	1
2014500	2
2015500	1
2016000	1
2016500	2
2017000	2
2017500	1
2018000	1
2018500	1
2020500	2
2021500	1
2022500	1
2024000	3
2025000	2
2025500	1
2028000	1
2029500	1
2030000	1
2031000	3
2032000	2
2032500	3
2033000	1
2036000	1
2037000	1
2038500	1
2039000	3
2040000	1
2041500	1
2042000	1
2043000	2
2044000	1
2044500	1
2045500	1
2046000	1
2046500	1
2047000	1
2048000	1
2048500	1
2049000	2
2050500	1
2051000	1
2051500	3
2052000	2
2054000	3
2054500	2
2056000	4
2056500	1
2057000	1
2060000	2
2060500	1
2061500	1
2062500	2
2063000	1
2065000	2
2065500	1
2066500	3
2067000	3
2068000	1
2068500	2
2070000	3
2071500	1
2072000	2
2072500	3
2073000	2
2074000	1
2074500	1
2075000	1
2075500	1
2076000	3
2076500	2
2078500	1
2079000	5
2079500	1
2080000	1
2081000	4
2082000	1
2082500	1
2083000	1
2083500	1
2084000	2
2085000	1
2085500	2
2088000	2
2089000	1
2089500	2
2090000	1
2090500	1
2091500	1
2092000	4
2092500	1
2093000	1
2093500	4
2094000	2
2095500	1
2096500	1
2097000	1
2097500	2
2098500	1
2099000	3
2099500	2
2100000	1
2100500	3
2101000	1
2102000	1
2103000	1
2103500	2
2104000	1
2104500	3
2105000	2
2106000	1
2106500	1
2107000	1
2107500	3
2108000	1
2108500	1
2110500	1
2111000	2
2111500	1
2112000	1
2112500	1
2113000	2
2113500	4
2114000	4
2115000	1
2115500	1
2116000	2
2116500	1
2117000	2
2117500	2
2118500	1
2119000	4
2120000	1
2120500	2
2121000	1
2123000	2
2123500	2
2125000	1
2125500	1
2126000	1
2126500	1
2127000	1
2127500	1
2128500	3
2129000	1
2130000	1
2130500	1
2131000	2
2131500	1
2132500	1
2134500	1
2135500	1
2136000	1
2137000	1
2140500	2
2141000	1
2141500	2
2142500	1
2144000	2
2144500	1
2145500	1
2146000	2
2148500	1
2150000	1
2150500	1
2151500	1
2152000	1
2152500	3
2153500	1
2154000	2
2154500	2
2157000	1
2159500	1
2160000	1
2161500	1
2162000	3
2163500	1
2164500	1
2166000	1
2167000	1
2170500	1
2171500	1
2173000	2
2173500	1
2174500	1
2175000	2
2175500	1
2176500	1
2178500	1
2181500	1
2182000	1
2183000	1
2185000	1
2186000	1
2187500	1
2189000	1
2190500	1
2191000	3
2195500	1
2197000	1
2197500	1
2200000	2
2202500	1
2204500	1
2207500	3
2209000	1
2209500	1
2212500	2
2213000	1
2216500	1
2217000	1
2218000	1
2219000	1
2219500	3
2220500	1
2221000	1
2222000	1
2223500	1
2225000	1
2227000	1
2228000	1
2228500	1
2230000	1
2230500	1
2231000	1
2232000	1
2234000	1
2235500	1
2236500	1
2239000	1
2241000	2
2242000	2
2244500	1
2246000	1
2248500	2
2250000	1
2253500	1
2262000	2
2263500	1
2264000	1
2266500	1
2268000	1
2271000	1
2276500	1
2277000	1
2282500	3
2287000	1
2287500	1
2291500	2
2292000	1
2292500	1
2293500	1
2294500	1
2295000	1
2299000	1
2300000	1
2300500	2
2302500	1
2305000	1
2306500	1
2309000	1
2310000	1
2311000	1
2311500	1
2312500	1
2313000	1
2315500	2
2317000	1
2318500	1
2320000	2
2321000	1
2321500	1
2322000	1
2322500	3
2323000	1
2325500	1
2326500	2
2327500	1
2329000	1
2330000	3
2331000	2
2331500	1
2333000	2
2333500	1
2336000	1
2337500	2
2341500	2
2344500	1
2346500	2
2349000	1
2351000	1
2352500	1
2353000	1
2353500	1
2355000	1
2357500	1
2358000	2
2359500	1
2360000	1
2360500	1
2362000	1
2363000	1
2364000	1
2365000	1
2365500	1
2367000	2
2368000	1
2371000	1
2372000	1
2373000	1
2374500	2
2375000	1
2378000	1
2378500	3
2381000	1
2382000	1
2383000	1
2385500	2
2386000	1
2387000	3
2389000	4
2389500	1
2392500	1
2395000	1
2396000	1
2397000	1
2398000	1
2398500	2
2399000	1
2399500	1
2400000	2
2400500	2
2401000	2
2402000	1
2403000	1
2403500	2
2404500	2
2405000	1
2405500	3
2406000	2
2406500	1
2407000	1
2407500	1
2408500	2
2409000	2
2411500	1
2412000	1
2412500	1
2413000	1
2413500	1
2414000	1
2415500	1
2416000	2
2416500	1
2417000	1
2417500	1
2418000	1
2418500	1
2419000	1
2419500	1
2420000	2
2420500	2
2422000	1
2424500	1
2425000	1
2427000	1
2427500	1
2428000	1
2429500	1
2431000	2
2431500	1
2432000	2
2432500	1
2433000	1
2435000	1
2438500	1
2439500	1
2440500	2
2443000	2
2444000	2
2444500	1
2445000	1
2445500	2
2446000	1
2446500	1
2447500	1
2448000	1
2448500	1
2450000	1
2451000	1
2451500	2
2452000	1
2455000	2
2455500	1
2456000	1
2456500	2
2458000	1
2459500	1
2460000	1
2462500	1
2465000	1
2465500	2
2467000	1
2468500	1
2469000	3
2470500	2
2471000	2
2472000	2
2476000	2
2481000	1
2482000	1
2482500	1
2483000	2
2483500	1
2484500	2
2486000	1
2490500	3
2491000	1
2491500	1
2492000	1
2492500	2
2493500	1
2495000	1
2496500	1
2497000	1
2497500	1
2500000	1
2504000	2
2506000	1
2507000	1
2509000	1
2512500	1
2513500	1
2516500	1
2517000	1
2517500	1
2518000	1
2518500	1
2519000	1
2521000	3
2521500	1
2523000	2
2523500	1
2524500	1
2527000	1
2529000	1
2529500	2
2530000	1
2532000	1
2532500	1
2538000	2
2539000	1
2539500	1
2541500	1
2542000	2
2543000	1
2544000	2
2545500	2
2546500	1
2547000	2
2550000	1
2551500	1
2552500	2
2553500	1
2554500	1
2555500	1
2556500	1
2559000	1
2560500	1
2561500	1
2562500	1
2563000	1
2567500	3
2569000	1
2569500	1
2570500	3
2571500	1
2573000	2
2574000	2
2575500	1
2577000	1
2577500	1
2578500	1
2583500	1
2587000	1
2588000	1
2589000	1
2590000	3
2591000	1
2591500	2
2593000	1
2594000	2
2596500	1
2597000	2
2597500	1
2598000	1
2602000	1
2603000	1
2603500	2
2604500	3
2605000	1
2606000	1
2606500	1
2610500	1
2611500	1
2612500	1
2614500	2
2615000	1
2616000	1
2618000	1
2618500	2
2619000	1
2622000	1
2622500	1
2625000	1
2627000	2
2628000	1
2629000	1
2629500	1
2630000	1
2630500	2
2631500	1
2632000	1
2635000	2
2635500	1
2636000	1
2638000	2
2639000	2
2639500	3
2641000	1
2642500	1
2643500	1
2644000	2
2645000	1
2646500	1
2647500	1
2648000	1
2648500	1
2650000	1
2650500	1
2651000	1
2651500	1
2652500	1
2653500	1
2654000	1
2654500	1
2655000	1
2658000	1
2659500	1
2662000	1
2664500	1
2665500	1
2667000	1
2669000	1
2670000	3
2670500	1
2671000	2
2672500	1
2673500	1
2674500	1
2675000	1
2677500	2
2678000	1
2679000	1
2680000	1
2680500	1
2681500	1
2682000	2
2682500	1
2685000	1
2685500	1
2689000	1
2689500	1
2690500	1
2691000	1
2692000	1
2692500	1
2693500	1
2694000	1
2694500	2
2695000	1
2695500	2
2696000	1
2699000	1
2700500	1
2702000	2
2702500	1
2703500	1
2704500	1
2706500	2
2707000	2
2709000	1
2709500	2
2711000	1
2711500	2
2712000	2
2713000	1
2713500	1
2715000	2
2717000	1
2718000	1
2718500	1
2719000	3
2719500	1
2720000	1
2722000	1
2722500	1
2724000	2
2725500	1
2726000	4
2727000	2
2727500	1
2728500	1
2729000	3
2730500	1
2731500	1
2732000	1
2732500	1
2733000	1
2733500	2
2734000	2
2734500	2
2736000	4
2737000	2
2737500	2
2738000	2
2739500	2
2740000	2
2740500	1
2741500	1
2742000	1
2742500	1
2743500	2
2744000	1
2745500	4
2746000	4
2746500	1
2747000	2
2747500	1
2748500	2
2749000	1
2749500	1
2750000	1
2750500	3
2751000	1
2751500	1
2752000	1
2752500	1
2753000	2
2753500	1
2754000	1
2754500	2
2758000	2
2758500	1
2759500	1
2760500	2
2761000	2
2761500	2
2762000	2
2764000	2
2765000	4
2766500	1
2767000	1
2767500	2
2769000	3
2770500	2
2771000	3
2771500	1
2772000	3
2772500	1
2773000	1
2773500	2
2774000	2
2774500	3
2775000	1
2776000	1
2776500	2
2777000	3
2778000	2
2779000	1
2780000	2
2780500	1
2781000	2
2781500	1
2783500	1
2784000	2
2784500	1
2785500	3
2786000	1
2786500	1
2787000	1
2789000	1
2789500	3
2790000	1
2791000	2
2791500	1
2793000	2
2794000	1
2795000	2
2796000	3
2797500	1
2800500	1
2801000	1
2802000	2
2802500	1
2804000	3
2805000	1
2805500	1
2807500	1
2809500	1
2811500	1
2813000	1
2814500	1
2815000	1
2816000	1
2816500	2
2817000	2
2817500	1
2818000	1
2818500	1
2819000	1
2820000	1
2821500	1
2822000	1
2823500	1
2824500	1
2825000	1
2826000	1
2826500	1
2827000	3
2833500	1
2834000	1
2834500	2
2837500	1
2838000	1
2838500	1
2841000	1
2841500	1
2842000	2
2844000	1
2845000	1
2849500	1
2850000	1
2853500	1
2854500	1
2855000	1
2858000	1
2858500	1
2860000	1
2865500	1
2868000	1
2868500	1
2872000	2
2873000	1
2883500	1
2885500	1
2886000	1
2887000	2
2888500	1
2894500	1
2895000	1
2897500	1
2898000	1
2898500	1
2904000	1
2905500	1
2909500	1
2911500	1
2912000	1
2912500	1
2913000	1
2914500	1
2921000	1
2922000	1
2927000	1
2946000	1
2947500	1
2954000	1
2961500	2
2968000	1
2988500	1
2994000	1
3003000	1
3006000	2
3020500	1
3043000	1
3043500	1
3048000	1
3067500	1
3083500	1
3116500	1
