# CHIME Latency Histogram - Range
# Bucket size: 500 ns
# Total samples: 9000000
# Format: latency_ns	count
49500	1
51000	1
52000	2
52500	1
53500	3
54500	1
55000	3
55500	1
56000	3
56500	2
57000	5
57500	4
58000	3
58500	5
59000	6
59500	8
60000	4
60500	8
61000	11
61500	12
62000	7
62500	9
63000	21
63500	17
64000	20
64500	27
65000	22
65500	27
66000	24
66500	30
67000	33
67500	32
68000	36
68500	38
69000	48
69500	62
70000	52
70500	65
71000	67
71500	62
72000	68
72500	73
73000	67
73500	81
74000	89
74500	81
75000	105
75500	98
76000	110
76500	94
77000	111
77500	122
78000	105
78500	141
79000	126
79500	121
80000	153
80500	154
81000	143
81500	146
82000	160
82500	152
83000	185
83500	157
84000	174
84500	190
85000	215
85500	208
86000	218
86500	196
87000	237
87500	233
88000	242
88500	251
89000	264
89500	305
90000	309
90500	293
91000	333
91500	335
92000	309
92500	345
93000	372
93500	364
94000	386
94500	393
95000	395
95500	421
96000	411
96500	416
97000	465
97500	445
98000	472
98500	454
99000	475
99500	500
100000	514
100500	535
101000	560
101500	537
102000	527
102500	578
103000	552
103500	559
104000	602
104500	609
105000	633
105500	576
106000	629
106500	681
107000	687
107500	683
108000	659
108500	688
109000	727
109500	741
110000	674
110500	722
111000	700
111500	776
112000	801
112500	794
113000	772
113500	804
114000	827
114500	820
115000	829
115500	852
116000	860
116500	925
117000	878
117500	837
118000	894
118500	930
119000	982
119500	918
120000	953
120500	979
121000	972
121500	1033
122000	1054
122500	1052
123000	1028
123500	1067
124000	1050
124500	1070
125000	1067
125500	1116
126000	1114
126500	1111
127000	1147
127500	1122
128000	1162
128500	1236
129000	1183
129500	1257
130000	1238
130500	1282
131000	1248
131500	1329
132000	1328
132500	1397
133000	1366
133500	1344
134000	1512
134500	1527
135000	1475
135500	1457
136000	1519
136500	1516
137000	1513
137500	1479
138000	1605
138500	1634
139000	1685
139500	1680
140000	1643
140500	1718
141000	1778
141500	1739
142000	1838
142500	1785
143000	1884
143500	1906
144000	1993
144500	2049
145000	1939
145500	2073
146000	2043
146500	2024
147000	2135
147500	2082
148000	2174
148500	2165
149000	2258
149500	2263
150000	2340
150500	2378
151000	2456
151500	2452
152000	2428
152500	2523
153000	2639
153500	2612
154000	2683
154500	2545
155000	2688
155500	2770
156000	2805
156500	2844
157000	2880
157500	2935
158000	2881
158500	2965
159000	3107
159500	3003
160000	3222
160500	3296
161000	3336
161500	3272
162000	3263
162500	3343
163000	3444
163500	3368
164000	3450
164500	3546
165000	3543
165500	3579
166000	3499
166500	3658
167000	3711
167500	3701
168000	3906
168500	3832
169000	3946
169500	3806
170000	3991
170500	4128
171000	4165
171500	4151
172000	4045
172500	4341
173000	4165
173500	4290
174000	4384
174500	4430
175000	4453
175500	4534
176000	4440
176500	4585
177000	4495
177500	4775
178000	4544
178500	4888
179000	4766
179500	4787
180000	4857
180500	4903
181000	4967
181500	4919
182000	4921
182500	5105
183000	5037
183500	5154
184000	5152
184500	5222
185000	5168
185500	5273
186000	5301
186500	5381
187000	5274
187500	5406
188000	5373
188500	5300
189000	5409
189500	5501
190000	5365
190500	5475
191000	5613
191500	5587
192000	5500
192500	5605
193000	5595
193500	5614
194000	5578
194500	5565
195000	5646
195500	5760
196000	5762
196500	5608
197000	5828
197500	5787
198000	5862
198500	5911
199000	5753
199500	5751
200000	5847
200500	5765
201000	5863
201500	5829
202000	5847
202500	5817
203000	5957
203500	5683
204000	6007
204500	5892
205000	5800
205500	6026
206000	5799
206500	5847
207000	5946
207500	5802
208000	5808
208500	6021
209000	6016
209500	5978
210000	5955
210500	5846
211000	5917
211500	5830
212000	5857
212500	6005
213000	5908
213500	5758
214000	5662
214500	5869
215000	5895
215500	5873
216000	5885
216500	5778
217000	5747
217500	5738
218000	5721
218500	5676
219000	5637
219500	5682
220000	5595
220500	5489
221000	5639
221500	5531
222000	5505
222500	5593
223000	5518
223500	5554
224000	5417
224500	5328
225000	5483
225500	5402
226000	5332
226500	5262
227000	5247
227500	5324
228000	5419
228500	5180
229000	5247
229500	5224
230000	5129
230500	5119
231000	4963
231500	5022
232000	4845
232500	5107
233000	4917
233500	4976
234000	4908
234500	4897
235000	4884
235500	4876
236000	4729
236500	4678
237000	4644
237500	4679
238000	4701
238500	4551
239000	4514
239500	4602
240000	4495
240500	4453
241000	4529
241500	4361
242000	4506
242500	4329
243000	4378
243500	4112
244000	4229
244500	4168
245000	4133
245500	4174
246000	4150
246500	4213
247000	3975
247500	4042
248000	3960
248500	3897
249000	3962
249500	3941
250000	3806
250500	3882
251000	3687
251500	3680
252000	3639
252500	3666
253000	3683
253500	3666
254000	3638
254500	3456
255000	3705
255500	3566
256000	3464
256500	3537
257000	3501
257500	3425
258000	3442
258500	3365
259000	3325
259500	3325
260000	3223
260500	3252
261000	3158
261500	3148
262000	3224
262500	3146
263000	3058
263500	3198
264000	3065
264500	2979
265000	3016
265500	3059
266000	2953
266500	2962
267000	3018
267500	2811
268000	2873
268500	2854
269000	2846
269500	2843
270000	2784
270500	2829
271000	2778
271500	2775
272000	2739
272500	2724
273000	2778
273500	2655
274000	2742
274500	2609
275000	2626
275500	2745
276000	2647
276500	2689
277000	2646
277500	2728
278000	2551
278500	2760
279000	2522
279500	2548
280000	2587
280500	2611
281000	2537
281500	2492
282000	2460
282500	2586
283000	2561
283500	2545
284000	2475
284500	2466
285000	2510
285500	2427
286000	2495
286500	2411
287000	2420
287500	2483
288000	2426
288500	2503
289000	2415
289500	2429
290000	2400
290500	2499
291000	2380
291500	2410
292000	2371
292500	2363
293000	2417
293500	2397
294000	2363
294500	2419
295000	2458
295500	2477
296000	2359
296500	2380
297000	2395
297500	2397
298000	2347
298500	2432
299000	2415
299500	2377
300000	2393
300500	2401
301000	2394
301500	2409
302000	2557
302500	2467
303000	2424
303500	2398
304000	2481
304500	2392
305000	2385
305500	2433
306000	2376
306500	2439
307000	2443
307500	2453
308000	2416
308500	2458
309000	2416
309500	2456
310000	2583
310500	2411
311000	2419
311500	2440
312000	2432
312500	2413
313000	2501
313500	2521
314000	2518
314500	2470
315000	2526
315500	2590
316000	2500
316500	2646
317000	2588
317500	2545
318000	2510
318500	2606
319000	2541
319500	2553
320000	2582
320500	2506
321000	2658
321500	2576
322000	2541
322500	2632
323000	2541
323500	2578
324000	2671
324500	2558
325000	2463
325500	2671
326000	2655
326500	2668
327000	2693
327500	2652
328000	2671
328500	2707
329000	2685
329500	2803
330000	2747
330500	2765
331000	2748
331500	2822
332000	2732
332500	2702
333000	2778
333500	2805
334000	2809
334500	2918
335000	2735
335500	2842
336000	2729
336500	2910
337000	2784
337500	2813
338000	2821
338500	2883
339000	2842
339500	2810
340000	2899
340500	2941
341000	2899
341500	2900
342000	2987
342500	2912
343000	2922
343500	2986
344000	3095
344500	3013
345000	3017
345500	3024
346000	2935
346500	2949
347000	2979
347500	2974
348000	2918
348500	2957
349000	2995
349500	3021
350000	3064
350500	3100
351000	3101
351500	3106
352000	3019
352500	3062
353000	3109
353500	3173
354000	2978
354500	3138
355000	3054
355500	3186
356000	3143
356500	3160
357000	3007
357500	3146
358000	3294
358500	3245
359000	3202
359500	3290
360000	3197
360500	3260
361000	3291
361500	3204
362000	3212
362500	3295
363000	3141
363500	3234
364000	3294
364500	3303
365000	3307
365500	3288
366000	3258
366500	3335
367000	3391
367500	3261
368000	3385
368500	3282
369000	3405
369500	3331
370000	3274
370500	3296
371000	3235
371500	3375
372000	3431
372500	3417
373000	3284
373500	3416
374000	3428
374500	3367
375000	3415
375500	3371
376000	3493
376500	3470
377000	3452
377500	3429
378000	3480
378500	3435
379000	3458
379500	3453
380000	3473
380500	3528
381000	3550
381500	3465
382000	3556
382500	3584
383000	3512
383500	3476
384000	3631
384500	3578
385000	3584
385500	3567
386000	3650
386500	3516
387000	3628
387500	3555
388000	3577
388500	3518
389000	3598
389500	3570
390000	3569
390500	3649
391000	3711
391500	3616
392000	3560
392500	3744
393000	3682
393500	3688
394000	3670
394500	3711
395000	3628
395500	3705
396000	3616
396500	3751
397000	3802
397500	3849
398000	3760
398500	3721
399000	3728
399500	3782
400000	3649
400500	3770
401000	3836
401500	3779
402000	3753
402500	3885
403000	3845
403500	3873
404000	3812
404500	3872
405000	3847
405500	3841
406000	3839
406500	3781
407000	3811
407500	3874
408000	3748
408500	3833
409000	3989
409500	3931
410000	3916
410500	3944
411000	3890
411500	3982
412000	4036
412500	3925
413000	3975
413500	3913
414000	3975
414500	3939
415000	4020
415500	4073
416000	4031
416500	3946
417000	3891
417500	4031
418000	4048
418500	4004
419000	4036
419500	3975
420000	4112
420500	4122
421000	4004
421500	4126
422000	4137
422500	4173
423000	4160
423500	4076
424000	4195
424500	4248
425000	4147
425500	4160
426000	4153
426500	4144
427000	4198
427500	4169
428000	4163
428500	4163
429000	4158
429500	4178
430000	4312
430500	4249
431000	4355
431500	4248
432000	4364
432500	4319
433000	4275
433500	4411
434000	4325
434500	4351
435000	4328
435500	4260
436000	4294
436500	4276
437000	4324
437500	4363
438000	4348
438500	4358
439000	4384
439500	4526
440000	4294
440500	4420
441000	4484
441500	4414
442000	4533
442500	4558
443000	4432
443500	4412
444000	4566
444500	4532
445000	4480
445500	4518
446000	4494
446500	4511
447000	4495
447500	4606
448000	4534
448500	4601
449000	4553
449500	4524
450000	4444
450500	4639
451000	4659
451500	4620
452000	4640
452500	4698
453000	4646
453500	4670
454000	4741
454500	4681
455000	4697
455500	4632
456000	4584
456500	4614
457000	4871
457500	4712
458000	4724
458500	4753
459000	4789
459500	4723
460000	4852
460500	4761
461000	4875
461500	4869
462000	4853
462500	4819
463000	4760
463500	4894
464000	4823
464500	4905
465000	4827
465500	4926
466000	4831
466500	4913
467000	4938
467500	4695
468000	4935
468500	4959
469000	5039
469500	4967
470000	4882
470500	5023
471000	5024
471500	4957
472000	4945
472500	4928
473000	5042
473500	4890
474000	5031
474500	4996
475000	5103
475500	4937
476000	5066
476500	5068
477000	5150
477500	5176
478000	5130
478500	5123
479000	5142
479500	5244
480000	5058
480500	5168
481000	5241
481500	5154
482000	5306
482500	5198
483000	5318
483500	5282
484000	5296
484500	5270
485000	5280
485500	5299
486000	5174
486500	5319
487000	5288
487500	5214
488000	5238
488500	5311
489000	5497
489500	5450
490000	5419
490500	5407
491000	5461
491500	5490
492000	5618
492500	5391
493000	5473
493500	5413
494000	5489
494500	5359
495000	5486
495500	5446
496000	5548
496500	5426
497000	5350
497500	5604
498000	5643
498500	5547
499000	5534
499500	5496
500000	5545
500500	5626
501000	5436
501500	5391
502000	5685
502500	5630
503000	5782
503500	5606
504000	5714
504500	5701
505000	5742
505500	5683
506000	5636
506500	5778
507000	5712
507500	5734
508000	5758
508500	5720
509000	5795
509500	5686
510000	5649
510500	5697
511000	5872
511500	5828
512000	5801
512500	5728
513000	5944
513500	5830
514000	5807
514500	5824
515000	5819
515500	5939
516000	5866
516500	5755
517000	5803
517500	5858
518000	6001
518500	5787
519000	5755
519500	5966
520000	5844
520500	5918
521000	5775
521500	5841
522000	5923
522500	6030
523000	5855
523500	6023
524000	5831
524500	5936
525000	6001
525500	5928
526000	6012
526500	5958
527000	6046
527500	6028
528000	6027
528500	5957
529000	6035
529500	5967
530000	6026
530500	5988
531000	6114
531500	6119
532000	6106
532500	6065
533000	6126
533500	6184
534000	6052
534500	6153
535000	6165
535500	6294
536000	6097
536500	6214
537000	6264
537500	6140
538000	6167
538500	6178
539000	6388
539500	6177
540000	6133
540500	6149
541000	6299
541500	6178
542000	6156
542500	6257
543000	6215
543500	6289
544000	6123
544500	6226
545000	6260
545500	6341
546000	6217
546500	6370
547000	6296
547500	6141
548000	6379
548500	6356
549000	6209
549500	6508
550000	6218
550500	6368
551000	6474
551500	6591
552000	6433
552500	6279
553000	6687
553500	6376
554000	6416
554500	6374
555000	6453
555500	6427
556000	6426
556500	6427
557000	6375
557500	6547
558000	6359
558500	6501
559000	6430
559500	6510
560000	6395
560500	6476
561000	6404
561500	6433
562000	6421
562500	6455
563000	6463
563500	6369
564000	6545
564500	6344
565000	6494
565500	6527
566000	6480
566500	6605
567000	6520
567500	6557
568000	6443
568500	6431
569000	6649
569500	6627
570000	6452
570500	6436
571000	6528
571500	6425
572000	6430
572500	6618
573000	6479
573500	6493
574000	6502
574500	6564
575000	6540
575500	6575
576000	6596
576500	6693
577000	6696
577500	6664
578000	6651
578500	6787
579000	6688
579500	6525
580000	6614
580500	6571
581000	6672
581500	6579
582000	6575
582500	6613
583000	6710
583500	6712
584000	6597
584500	6612
585000	6714
585500	6752
586000	6562
586500	6823
587000	6665
587500	6634
588000	6623
588500	6659
589000	6721
589500	6797
590000	6628
590500	6758
591000	6782
591500	6600
592000	6747
592500	6744
593000	6621
593500	6771
594000	6791
594500	6627
595000	6579
595500	6678
596000	6672
596500	6680
597000	6661
597500	6472
598000	6727
598500	6824
599000	6666
599500	6757
600000	6749
600500	6696
601000	6626
601500	6846
602000	6893
602500	6641
603000	6590
603500	6724
604000	6805
604500	6766
605000	6822
605500	6664
606000	6689
606500	6844
607000	6715
607500	6772
608000	6804
608500	6602
609000	6732
609500	6711
610000	6658
610500	6699
611000	6773
611500	6829
612000	6759
612500	6730
613000	6604
613500	6754
614000	6671
614500	7025
615000	6652
615500	6696
616000	6746
616500	6689
617000	6663
617500	6754
618000	6783
618500	6815
619000	6597
619500	6740
620000	6703
620500	6661
621000	6733
621500	6805
622000	6868
622500	6725
623000	6788
623500	6850
624000	6716
624500	6818
625000	6649
625500	6770
626000	6893
626500	6735
627000	6690
627500	6563
628000	6828
628500	6877
629000	6699
629500	6747
630000	6733
630500	6899
631000	6708
631500	6874
632000	6722
632500	6878
633000	6611
633500	6706
634000	6744
634500	6815
635000	6814
635500	6723
636000	6618
636500	6841
637000	6612
637500	6677
638000	6763
638500	6700
639000	6837
639500	6680
640000	6734
640500	6791
641000	6800
641500	6622
642000	6781
642500	6702
643000	6757
643500	6875
644000	6785
644500	6798
645000	6749
645500	6844
646000	6665
646500	6690
647000	6704
647500	6709
648000	6785
648500	6644
649000	6935
649500	6774
650000	6769
650500	6709
651000	6615
651500	6577
652000	6703
652500	6747
653000	6613
653500	6794
654000	6691
654500	6725
655000	6732
655500	6749
656000	6696
656500	6558
657000	6560
657500	6694
658000	6522
658500	6769
659000	6604
659500	6611
660000	6664
660500	6702
661000	6689
661500	6780
662000	6625
662500	6638
663000	6798
663500	6648
664000	6663
664500	6823
665000	6742
665500	6728
666000	6713
666500	6719
667000	6597
667500	6631
668000	6686
668500	6630
669000	6694
669500	6613
670000	6726
670500	6641
671000	6633
671500	6564
672000	6819
672500	6574
673000	6747
673500	6615
674000	6526
674500	6792
675000	6543
675500	6516
676000	6709
676500	6615
677000	6582
677500	6701
678000	6513
678500	6488
679000	6584
679500	6484
680000	6479
680500	6627
681000	6562
681500	6614
682000	6477
682500	6544
683000	6350
683500	6550
684000	6516
684500	6652
685000	6444
685500	6282
686000	6560
686500	6512
687000	6592
687500	6546
688000	6434
688500	6515
689000	6533
689500	6569
690000	6521
690500	6577
691000	6498
691500	6664
692000	6500
692500	6593
693000	6436
693500	6532
694000	6506
694500	6467
695000	6681
695500	6439
696000	6594
696500	6373
697000	6566
697500	6549
698000	6564
698500	6359
699000	6514
699500	6457
700000	6585
700500	6398
701000	6426
701500	6449
702000	6263
702500	6431
703000	6446
703500	6256
704000	6452
704500	6372
705000	6541
705500	6401
706000	6410
706500	6319
707000	6458
707500	6347
708000	6416
708500	6411
709000	6353
709500	6370
710000	6434
710500	6374
711000	6370
711500	6258
712000	6338
712500	6416
713000	6329
713500	6171
714000	6290
714500	6452
715000	6272
715500	6390
716000	6281
716500	6402
717000	6324
717500	6263
718000	6249
718500	6292
719000	6237
719500	6246
720000	6419
720500	6313
721000	6203
721500	6244
722000	6356
722500	6339
723000	6179
723500	6133
724000	6213
724500	6355
725000	6221
725500	6025
726000	6201
726500	6100
727000	6250
727500	6234
728000	6193
728500	6285
729000	6209
729500	6226
730000	6229
730500	6176
731000	6177
731500	6160
732000	6172
732500	6198
733000	6179
733500	6208
734000	6186
734500	6114
735000	6119
735500	6168
736000	6064
736500	6205
737000	6083
737500	6251
738000	5997
738500	6066
739000	6067
739500	6218
740000	6072
740500	6000
741000	6125
741500	6108
742000	6056
742500	6095
743000	6150
743500	5942
744000	5897
744500	6107
745000	5946
745500	6105
746000	6000
746500	6050
747000	6182
747500	5956
748000	5936
748500	5963
749000	5958
749500	5952
750000	5799
750500	6049
751000	5915
751500	5955
752000	5933
752500	6008
753000	5887
753500	5959
754000	6041
754500	5934
755000	5800
755500	5894
756000	5799
756500	5813
757000	6019
757500	5871
758000	5808
758500	5904
759000	5833
759500	5857
760000	5663
760500	5939
761000	5756
761500	5870
762000	5865
762500	5831
763000	5919
763500	5745
764000	5733
764500	5762
765000	5891
765500	5791
766000	5692
766500	5706
767000	5801
767500	5727
768000	5826
768500	5875
769000	5761
769500	5673
770000	5686
770500	5756
771000	5681
771500	5679
772000	5793
772500	5797
773000	5604
773500	5684
774000	5614
774500	5746
775000	5653
775500	5718
776000	5727
776500	5687
777000	5479
777500	5599
778000	5560
778500	5619
779000	5579
779500	5475
780000	5497
780500	5534
781000	5462
781500	5492
782000	5472
782500	5522
783000	5560
783500	5494
784000	5480
784500	5499
785000	5534
785500	5509
786000	5654
786500	5420
787000	5486
787500	5410
788000	5545
788500	5350
789000	5493
789500	5620
790000	5413
790500	5401
791000	5478
791500	5340
792000	5434
792500	5361
793000	5258
793500	5399
794000	5374
794500	5335
795000	5420
795500	5376
796000	5321
796500	5370
797000	5376
797500	5354
798000	5337
798500	5199
799000	5205
799500	5268
800000	5261
800500	5178
801000	5167
801500	5180
802000	5102
802500	5266
803000	5274
803500	5206
804000	5285
804500	5205
805000	5159
805500	5197
806000	5161
806500	5139
807000	5167
807500	5061
808000	4984
808500	5153
809000	5126
809500	5175
810000	5092
810500	5124
811000	5022
811500	5177
812000	5108
812500	5062
813000	4926
813500	5063
814000	5105
814500	5076
815000	5071
815500	5010
816000	5049
816500	5043
817000	4960
817500	4970
818000	5058
818500	4920
819000	4987
819500	4899
820000	4980
820500	4967
821000	4834
821500	4957
822000	4983
822500	5022
823000	5014
823500	4819
824000	5012
824500	5123
825000	4830
825500	4867
826000	4808
826500	4832
827000	4906
827500	4830
828000	4859
828500	4909
829000	4946
829500	4913
830000	4868
830500	4944
831000	4867
831500	4746
832000	4795
832500	4622
833000	4745
833500	4713
834000	4692
834500	4769
835000	4727
835500	4755
836000	4684
836500	4733
837000	4663
837500	4591
838000	4709
838500	4590
839000	4642
839500	4691
840000	4619
840500	4643
841000	4632
841500	4617
842000	4531
842500	4607
843000	4701
843500	4567
844000	4516
844500	4486
845000	4639
845500	4512
846000	4613
846500	4616
847000	4474
847500	4567
848000	4641
848500	4439
849000	4476
849500	4539
850000	4487
850500	4553
851000	4515
851500	4411
852000	4486
852500	4396
853000	4500
853500	4415
854000	4412
854500	4468
855000	4404
855500	4343
856000	4442
856500	4373
857000	4344
857500	4368
858000	4361
858500	4439
859000	4313
859500	4384
860000	4343
860500	4276
861000	4248
861500	4249
862000	4361
862500	4193
863000	4280
863500	4320
864000	4251
864500	4307
865000	4261
865500	4231
866000	4174
866500	4249
867000	4114
867500	4268
868000	4158
868500	4279
869000	4266
869500	4168
870000	4212
870500	4305
871000	4122
871500	4245
872000	4011
872500	4191
873000	4218
873500	4008
874000	4116
874500	4237
875000	4067
875500	3978
876000	3992
876500	4074
877000	3998
877500	4041
878000	3973
878500	3981
879000	4026
879500	4101
880000	3941
880500	4103
881000	4074
881500	3964
882000	4055
882500	3896
883000	3963
883500	3969
884000	3884
884500	3960
885000	3988
885500	3935
886000	3975
886500	3946
887000	3915
887500	3791
888000	3890
888500	3839
889000	3885
889500	3893
890000	3862
890500	3949
891000	3796
891500	3931
892000	3862
892500	3756
893000	3910
893500	3835
894000	3887
894500	3858
895000	3813
895500	3785
896000	3750
896500	3852
897000	3768
897500	3651
898000	3717
898500	3756
899000	3795
899500	3629
900000	3784
900500	3765
901000	3868
901500	3694
902000	3660
902500	3755
903000	3710
903500	3647
904000	3613
904500	3515
905000	3678
905500	3656
906000	3643
906500	3554
907000	3671
907500	3657
908000	3643
908500	3474
909000	3598
909500	3701
910000	3650
910500	3567
911000	3665
911500	3587
912000	3471
912500	3570
913000	3571
913500	3470
914000	3479
914500	3478
915000	3476
915500	3442
916000	3625
916500	3477
917000	3508
917500	3515
918000	3488
918500	3436
919000	3428
919500	3443
920000	3378
920500	3470
921000	3385
921500	3415
922000	3278
922500	3407
923000	3401
923500	3320
924000	3296
924500	3332
925000	3346
925500	3362
926000	3366
926500	3278
927000	3383
927500	3267
928000	3327
928500	3334
929000	3351
929500	3330
930000	3293
930500	3208
931000	3179
931500	3118
932000	3289
932500	3180
933000	3321
933500	3249
934000	3190
934500	3193
935000	3187
935500	3226
936000	3296
936500	3262
937000	3253
937500	3255
938000	3227
938500	3187
939000	3109
939500	3116
940000	3244
940500	3136
941000	3107
941500	3053
942000	3205
942500	3119
943000	3060
943500	3142
944000	3138
944500	3123
945000	3178
945500	3130
946000	3103
946500	3035
947000	3168
947500	3069
948000	3047
948500	3050
949000	2983
949500	2934
950000	3089
950500	3077
951000	2970
951500	2980
952000	3017
952500	2940
953000	2995
953500	3033
954000	2917
954500	2967
955000	2995
955500	2993
956000	2916
956500	2944
957000	2958
957500	2921
958000	2843
958500	2986
959000	2886
959500	2854
960000	2843
960500	2869
961000	2808
961500	2877
962000	2943
962500	2893
963000	2919
963500	2741
964000	2818
964500	2838
965000	2776
965500	2845
966000	2834
966500	2785
967000	2761
967500	2795
968000	2722
968500	2817
969000	2747
969500	2764
970000	2732
970500	2768
971000	2699
971500	2739
972000	2765
972500	2734
973000	2710
973500	2649
974000	2695
974500	2588
975000	2661
975500	2650
976000	2647
976500	2675
977000	2578
977500	2707
978000	2653
978500	2700
979000	2692
979500	2656
980000	2641
980500	2674
981000	2644
981500	2581
982000	2629
982500	2574
983000	2592
983500	2478
984000	2651
984500	2572
985000	2595
985500	2538
986000	2563
986500	2565
987000	2485
987500	2510
988000	2452
988500	2527
989000	2562
989500	2580
990000	2467
990500	2537
991000	2618
991500	2487
992000	2576
992500	2446
993000	2499
993500	2534
994000	2484
994500	2471
995000	2494
995500	2568
996000	2557
996500	2535
997000	2499
997500	2506
998000	2410
998500	2389
999000	2600
999500	2442
1000000	2343
1000500	2412
1001000	2453
1001500	2363
1002000	2521
1002500	2440
1003000	2422
1003500	2413
1004000	2398
1004500	2487
1005000	2309
1005500	2307
1006000	2321
1006500	2354
1007000	2274
1007500	2414
1008000	2370
1008500	2325
1009000	2345
1009500	2317
1010000	2278
1010500	2279
1011000	2271
1011500	2319
1012000	2350
1012500	2346
1013000	2225
1013500	2301
1014000	2390
1014500	2233
1015000	2289
1015500	2182
1016000	2267
1016500	2311
1017000	2236
1017500	2123
1018000	2225
1018500	2165
1019000	2184
1019500	2163
1020000	2193
1020500	2136
1021000	2186
1021500	2205
1022000	2236
1022500	2247
1023000	2173
1023500	2132
1024000	2154
1024500	2131
1025000	2136
1025500	2144
1026000	2193
1026500	2166
1027000	2162
1027500	2192
1028000	2167
1028500	2124
1029000	2085
1029500	2128
1030000	2089
1030500	2123
1031000	2129
1031500	2029
1032000	2071
1032500	2067
1033000	2124
1033500	2047
1034000	2140
1034500	2082
1035000	2101
1035500	1991
1036000	2088
1036500	2042
1037000	2060
1037500	2127
1038000	1964
1038500	1926
1039000	2077
1039500	1974
1040000	2051
1040500	1980
1041000	2052
1041500	1918
1042000	1975
1042500	1989
1043000	2052
1043500	1989
1044000	1958
1044500	1960
1045000	2001
1045500	1993
1046000	1923
1046500	1873
1047000	2010
1047500	1870
1048000	1891
1048500	1836
1049000	1934
1049500	1961
1050000	1860
1050500	1851
1051000	1944
1051500	1900
1052000	1947
1052500	1826
1053000	1917
1053500	1868
1054000	1966
1054500	1896
1055000	1852
1055500	1777
1056000	1790
1056500	1883
1057000	1882
1057500	1860
1058000	1795
1058500	1789
1059000	1827
1059500	1781
1060000	1832
1060500	1763
1061000	1846
1061500	1808
1062000	1855
1062500	1784
1063000	1786
1063500	1788
1064000	1830
1064500	1721
1065000	1757
1065500	1830
1066000	1801
1066500	1754
1067000	1788
1067500	1759
1068000	1660
1068500	1791
1069000	1713
1069500	1733
1070000	1773
1070500	1651
1071000	1739
1071500	1725
1072000	1715
1072500	1706
1073000	1735
1073500	1699
1074000	1656
1074500	1668
1075000	1659
1075500	1682
1076000	1627
1076500	1618
1077000	1697
1077500	1664
1078000	1714
1078500	1630
1079000	1645
1079500	1713
1080000	1602
1080500	1638
1081000	1647
1081500	1581
1082000	1698
1082500	1598
1083000	1545
1083500	1607
1084000	1597
1084500	1628
1085000	1549
1085500	1611
1086000	1552
1086500	1527
1087000	1505
1087500	1551
1088000	1577
1088500	1604
1089000	1549
1089500	1500
1090000	1567
1090500	1565
1091000	1562
1091500	1569
1092000	1529
1092500	1549
1093000	1512
1093500	1567
1094000	1551
1094500	1505
1095000	1515
1095500	1466
1096000	1546
1096500	1555
1097000	1409
1097500	1532
1098000	1549
1098500	1464
1099000	1439
1099500	1494
1100000	1489
1100500	1452
1101000	1463
1101500	1412
1102000	1490
1102500	1437
1103000	1443
1103500	1399
1104000	1421
1104500	1417
1105000	1385
1105500	1370
1106000	1434
1106500	1382
1107000	1409
1107500	1439
1108000	1320
1108500	1311
1109000	1380
1109500	1435
1110000	1370
1110500	1415
1111000	1410
1111500	1391
1112000	1334
1112500	1362
1113000	1361
1113500	1306
1114000	1380
1114500	1379
1115000	1322
1115500	1351
1116000	1350
1116500	1289
1117000	1375
1117500	1321
1118000	1306
1118500	1323
1119000	1272
1119500	1321
1120000	1280
1120500	1356
1121000	1285
1121500	1299
1122000	1298
1122500	1333
1123000	1333
1123500	1249
1124000	1338
1124500	1314
1125000	1293
1125500	1328
1126000	1279
1126500	1288
1127000	1275
1127500	1283
1128000	1192
1128500	1279
1129000	1271
1129500	1203
1130000	1267
1130500	1287
1131000	1204
1131500	1210
1132000	1209
1132500	1238
1133000	1194
1133500	1178
1134000	1245
1134500	1210
1135000	1208
1135500	1247
1136000	1229
1136500	1206
1137000	1211
1137500	1248
1138000	1197
1138500	1202
1139000	1177
1139500	1189
1140000	1174
1140500	1172
1141000	1117
1141500	1142
1142000	1142
1142500	1152
1143000	1191
1143500	1135
1144000	1158
1144500	1100
1145000	1161
1145500	1101
1146000	1134
1146500	1134
1147000	1095
1147500	1140
1148000	1095
1148500	1081
1149000	1085
1149500	1097
1150000	1078
1150500	1041
1151000	1092
1151500	1088
1152000	1098
1152500	1128
1153000	1063
1153500	1104
1154000	1090
1154500	1079
1155000	1075
1155500	1055
1156000	1056
1156500	1068
1157000	1053
1157500	1057
1158000	1079
1158500	1077
1159000	1027
1159500	990
1160000	1027
1160500	1044
1161000	1097
1161500	1002
1162000	1028
1162500	997
1163000	963
1163500	991
1164000	1037
1164500	986
1165000	1004
1165500	933
1166000	980
1166500	929
1167000	1002
1167500	974
1168000	953
1168500	1029
1169000	888
1169500	955
1170000	972
1170500	917
1171000	1007
1171500	911
1172000	921
1172500	943
1173000	981
1173500	969
1174000	892
1174500	949
1175000	965
1175500	881
1176000	883
1176500	938
1177000	968
1177500	922
1178000	885
1178500	872
1179000	935
1179500	895
1180000	920
1180500	820
1181000	851
1181500	984
1182000	912
1182500	865
1183000	862
1183500	877
1184000	798
1184500	884
1185000	920
1185500	908
1186000	852
1186500	853
1187000	900
1187500	842
1188000	850
1188500	782
1189000	816
1189500	854
1190000	856
1190500	862
1191000	806
1191500	829
1192000	807
1192500	820
1193000	834
1193500	785
1194000	756
1194500	825
1195000	834
1195500	807
1196000	787
1196500	825
1197000	779
1197500	798
1198000	779
1198500	766
1199000	778
1199500	758
1200000	785
1200500	797
1201000	799
1201500	791
1202000	813
1202500	775
1203000	761
1203500	760
1204000	777
1204500	720
1205000	759
1205500	711
1206000	736
1206500	775
1207000	767
1207500	780
1208000	750
1208500	714
1209000	711
1209500	759
1210000	735
1210500	732
1211000	753
1211500	751
1212000	679
1212500	743
1213000	735
1213500	732
1214000	695
1214500	730
1215000	722
1215500	700
1216000	688
1216500	731
1217000	732
1217500	718
1218000	707
1218500	682
1219000	695
1219500	724
1220000	665
1220500	698
1221000	701
1221500	678
1222000	660
1222500	684
1223000	645
1223500	665
1224000	651
1224500	659
1225000	657
1225500	626
1226000	629
1226500	673
1227000	676
1227500	641
1228000	649
1228500	673
1229000	627
1229500	659
1230000	658
1230500	673
1231000	637
1231500	649
1232000	612
1232500	636
1233000	589
1233500	656
1234000	605
1234500	640
1235000	623
1235500	615
1236000	597
1236500	614
1237000	584
1237500	579
1238000	578
1238500	614
1239000	589
1239500	594
1240000	612
1240500	569
1241000	624
1241500	590
1242000	622
1242500	570
1243000	582
1243500	587
1244000	557
1244500	555
1245000	541
1245500	593
1246000	552
1246500	603
1247000	583
1247500	556
1248000	572
1248500	555
1249000	544
1249500	560
1250000	577
1250500	600
1251000	540
1251500	549
1252000	571
1252500	509
1253000	515
1253500	539
1254000	516
1254500	489
1255000	512
1255500	560
1256000	547
1256500	529
1257000	525
1257500	519
1258000	491
1258500	532
1259000	519
1259500	535
1260000	483
1260500	530
1261000	495
1261500	494
1262000	497
1262500	506
1263000	518
1263500	515
1264000	505
1264500	502
1265000	519
1265500	501
1266000	483
1266500	506
1267000	464
1267500	468
1268000	505
1268500	503
1269000	490
1269500	457
1270000	464
1270500	496
1271000	462
1271500	460
1272000	468
1272500	450
1273000	467
1273500	472
1274000	464
1274500	458
1275000	462
1275500	474
1276000	457
1276500	447
1277000	483
1277500	427
1278000	471
1278500	453
1279000	471
1279500	436
1280000	402
1280500	448
1281000	403
1281500	450
1282000	446
1282500	431
1283000	406
1283500	430
1284000	407
1284500	450
1285000	421
1285500	446
1286000	435
1286500	425
1287000	391
1287500	398
1288000	460
1288500	409
1289000	437
1289500	400
1290000	418
1290500	379
1291000	441
1291500	406
1292000	415
1292500	394
1293000	405
1293500	392
1294000	361
1294500	382
1295000	407
1295500	388
1296000	415
1296500	387
1297000	423
1297500	386
1298000	396
1298500	386
1299000	395
1299500	361
1300000	410
1300500	404
1301000	422
1301500	339
1302000	388
1302500	381
1303000	362
1303500	376
1304000	368
1304500	370
1305000	364
1305500	357
1306000	360
1306500	352
1307000	342
1307500	365
1308000	356
1308500	382
1309000	365
1309500	325
1310000	356
1310500	363
1311000	349
1311500	365
1312000	376
1312500	363
1313000	363
1313500	341
1314000	338
1314500	306
1315000	337
1315500	303
1316000	383
1316500	303
1317000	357
1317500	340
1318000	312
1318500	356
1319000	317
1319500	342
1320000	322
1320500	348
1321000	300
1321500	297
1322000	299
1322500	319
1323000	327
1323500	328
1324000	313
1324500	317
1325000	326
1325500	310
1326000	354
1326500	327
1327000	316
1327500	306
1328000	311
1328500	326
1329000	349
1329500	292
1330000	302
1330500	320
1331000	303
1331500	300
1332000	313
1332500	307
1333000	287
1333500	259
1334000	315
1334500	320
1335000	263
1335500	315
1336000	274
1336500	293
1337000	275
1337500	308
1338000	264
1338500	270
1339000	290
1339500	260
1340000	266
1340500	304
1341000	296
1341500	270
1342000	303
1342500	301
1343000	280
1343500	284
1344000	292
1344500	287
1345000	262
1345500	240
1346000	253
1346500	246
1347000	296
1347500	277
1348000	282
1348500	269
1349000	266
1349500	247
1350000	290
1350500	264
1351000	236
1351500	274
1352000	272
1352500	257
1353000	254
1353500	298
1354000	274
1354500	259
1355000	248
1355500	254
1356000	240
1356500	254
1357000	286
1357500	260
1358000	272
1358500	269
1359000	223
1359500	255
1360000	245
1360500	239
1361000	230
1361500	258
1362000	262
1362500	266
1363000	251
1363500	220
1364000	256
1364500	240
1365000	245
1365500	234
1366000	227
1366500	234
1367000	261
1367500	246
1368000	210
1368500	196
1369000	268
1369500	233
1370000	226
1370500	236
1371000	233
1371500	227
1372000	241
1372500	219
1373000	246
1373500	226
1374000	211
1374500	229
1375000	221
1375500	205
1376000	223
1376500	235
1377000	237
1377500	211
1378000	219
1378500	221
1379000	203
1379500	207
1380000	222
1380500	196
1381000	210
1381500	189
1382000	194
1382500	217
1383000	216
1383500	231
1384000	213
1384500	193
1385000	213
1385500	227
1386000	178
1386500	209
1387000	204
1387500	204
1388000	215
1388500	191
1389000	216
1389500	209
1390000	169
1390500	215
1391000	182
1391500	199
1392000	199
1392500	222
1393000	187
1393500	170
1394000	180
1394500	190
1395000	190
1395500	192
1396000	203
1396500	176
1397000	194
1397500	180
1398000	197
1398500	172
1399000	176
1399500	183
1400000	195
1400500	170
1401000	183
1401500	188
1402000	175
1402500	176
1403000	173
1403500	179
1404000	190
1404500	193
1405000	182
1405500	162
1406000	180
1406500	166
1407000	168
1407500	187
1408000	161
1408500	202
1409000	166
1409500	185
1410000	192
1410500	165
1411000	153
1411500	177
1412000	166
1412500	163
1413000	172
1413500	162
1414000	150
1414500	194
1415000	160
1415500	171
1416000	163
1416500	162
1417000	191
1417500	156
1418000	156
1418500	152
1419000	139
1419500	159
1420000	167
1420500	152
1421000	150
1421500	153
1422000	161
1422500	160
1423000	130
1423500	160
1424000	143
1424500	167
1425000	139
1425500	168
1426000	147
1426500	163
1427000	146
1427500	136
1428000	143
1428500	148
1429000	148
1429500	122
1430000	150
1430500	159
1431000	141
1431500	144
1432000	150
1432500	132
1433000	123
1433500	168
1434000	137
1434500	137
1435000	137
1435500	148
1436000	168
1436500	143
1437000	148
1437500	138
1438000	150
1438500	133
1439000	123
1439500	136
1440000	141
1440500	148
1441000	130
1441500	122
1442000	126
1442500	133
1443000	118
1443500	139
1444000	143
1444500	145
1445000	130
1445500	136
1446000	138
1446500	126
1447000	123
1447500	121
1448000	128
1448500	135
1449000	139
1449500	130
1450000	139
1450500	112
1451000	112
1451500	111
1452000	138
1452500	112
1453000	138
1453500	121
1454000	106
1454500	110
1455000	125
1455500	120
1456000	129
1456500	114
1457000	115
1457500	102
1458000	122
1458500	114
1459000	125
1459500	108
1460000	137
1460500	115
1461000	122
1461500	119
1462000	96
1462500	116
1463000	106
1463500	100
1464000	99
1464500	98
1465000	108
1465500	117
1466000	105
1466500	121
1467000	99
1467500	115
1468000	105
1468500	95
1469000	104
1469500	94
1470000	110
1470500	98
1471000	94
1471500	98
1472000	88
1472500	116
1473000	130
1473500	86
1474000	104
1474500	132
1475000	118
1475500	108
1476000	120
1476500	85
1477000	100
1477500	99
1478000	100
1478500	106
1479000	100
1479500	100
1480000	103
1480500	100
1481000	127
1481500	83
1482000	98
1482500	93
1483000	86
1483500	101
1484000	111
1484500	89
1485000	89
1485500	107
1486000	104
1486500	91
1487000	70
1487500	81
1488000	101
1488500	86
1489000	87
1489500	73
1490000	81
1490500	88
1491000	93
1491500	75
1492000	81
1492500	92
1493000	81
1493500	86
1494000	89
1494500	82
1495000	92
1495500	83
1496000	83
1496500	90
1497000	92
1497500	74
1498000	85
1498500	83
1499000	80
1499500	87
1500000	88
1500500	91
1501000	83
1501500	84
1502000	83
1502500	82
1503000	94
1503500	62
1504000	70
1504500	64
1505000	61
1505500	87
1506000	79
1506500	66
1507000	77
1507500	79
1508000	72
1508500	83
1509000	76
1509500	74
1510000	73
1510500	86
1511000	77
1511500	81
1512000	74
1512500	69
1513000	73
1513500	77
1514000	64
1514500	85
1515000	62
1515500	70
1516000	74
1516500	75
1517000	72
1517500	63
1518000	57
1518500	66
1519000	83
1519500	55
1520000	67
1520500	62
1521000	66
1521500	70
1522000	59
1522500	61
1523000	69
1523500	63
1524000	65
1524500	63
1525000	55
1525500	81
1526000	66
1526500	77
1527000	78
1527500	52
1528000	55
1528500	49
1529000	80
1529500	74
1530000	65
1530500	68
1531000	57
1531500	45
1532000	78
1532500	65
1533000	43
1533500	72
1534000	60
1534500	70
1535000	59
1535500	56
1536000	63
1536500	65
1537000	56
1537500	40
1538000	63
1538500	56
1539000	59
1539500	39
1540000	48
1540500	39
1541000	53
1541500	59
1542000	47
1542500	49
1543000	54
1543500	45
1544000	56
1544500	55
1545000	45
1545500	51
1546000	66
1546500	55
1547000	45
1547500	70
1548000	43
1548500	58
1549000	53
1549500	56
1550000	44
1550500	48
1551000	43
1551500	45
1552000	45
1552500	40
1553000	46
1553500	56
1554000	53
1554500	41
1555000	54
1555500	54
1556000	46
1556500	52
1557000	45
1557500	47
1558000	60
1558500	38
1559000	46
1559500	52
1560000	41
1560500	41
1561000	41
1561500	48
1562000	38
1562500	30
1563000	40
1563500	45
1564000	33
1564500	51
1565000	39
1565500	45
1566000	35
1566500	36
1567000	49
1567500	45
1568000	43
1568500	46
1569000	35
1569500	33
1570000	45
1570500	52
1571000	42
1571500	54
1572000	44
1572500	29
1573000	30
1573500	37
1574000	32
1574500	33
1575000	39
1575500	40
1576000	48
1576500	40
1577000	36
1577500	39
1578000	45
1578500	41
1579000	35
1579500	31
1580000	28
1580500	27
1581000	30
1581500	43
1582000	34
1582500	29
1583000	42
1583500	36
1584000	31
1584500	39
1585000	44
1585500	27
1586000	32
1586500	38
1587000	38
1587500	35
1588000	43
1588500	39
1589000	36
1589500	39
1590000	34
1590500	28
1591000	40
1591500	31
1592000	39
1592500	32
1593000	29
1593500	31
1594000	34
1594500	34
1595000	26
1595500	25
1596000	30
1596500	22
1597000	40
1597500	26
1598000	31
1598500	28
1599000	26
1599500	34
1600000	19
1600500	26
1601000	27
1601500	39
1602000	32
1602500	28
1603000	28
1603500	27
1604000	28
1604500	23
1605000	35
1605500	33
1606000	36
1606500	23
1607000	22
1607500	18
1608000	24
1608500	26
1609000	31
1609500	24
1610000	37
1610500	28
1611000	31
1611500	26
1612000	28
1612500	29
1613000	24
1613500	29
1614000	23
1614500	20
1615000	32
1615500	28
1616000	33
1616500	25
1617000	24
1617500	29
1618000	27
1618500	23
1619000	24
1619500	19
1620000	29
1620500	26
1621000	32
1621500	28
1622000	17
1622500	19
1623000	26
1623500	18
1624000	25
1624500	21
1625000	21
1625500	33
1626000	22
1626500	19
1627000	18
1627500	24
1628000	31
1628500	27
1629000	15
1629500	29
1630000	21
1630500	20
1631000	13
1631500	24
1632000	18
1632500	10
1633000	19
1633500	17
1634000	17
1634500	18
1635000	19
1635500	18
1636000	21
1636500	19
1637000	21
1637500	17
1638000	19
1638500	18
1639000	17
1639500	21
1640000	27
1640500	18
1641000	18
1641500	27
1642000	13
1642500	11
1643000	22
1643500	20
1644000	9
1644500	15
1645000	15
1645500	13
1646000	19
1646500	19
1647000	22
1647500	18
1648000	19
1648500	25
1649000	14
1649500	19
1650000	23
1650500	19
1651000	22
1651500	12
1652000	26
1652500	13
1653000	9
1653500	18
1654000	19
1654500	16
1655000	11
1655500	20
1656000	24
1656500	16
1657000	17
1657500	14
1658000	16
1658500	16
1659000	14
1659500	11
1660000	23
1660500	8
1661000	14
1661500	17
1662000	16
1662500	18
1663000	16
1663500	13
1664000	17
1664500	15
1665000	9
1665500	19
1666000	15
1666500	8
1667000	9
1667500	10
1668000	12
1668500	17
1669000	16
1669500	13
1670000	10
1670500	11
1671000	19
1671500	16
1672000	16
1672500	9
1673000	17
1673500	8
1674000	12
1674500	17
1675000	7
1675500	13
1676000	14
1676500	16
1677000	14
1677500	10
1678000	11
1678500	11
1679000	14
1679500	13
1680000	14
1680500	14
1681000	6
1681500	11
1682000	15
1682500	13
1683000	13
1683500	13
1684000	14
1684500	20
1685000	11
1685500	18
1686000	10
1686500	10
1687000	11
1687500	13
1688000	6
1688500	14
1689000	8
1689500	12
1690000	16
1690500	11
1691000	13
1691500	7
1692000	9
1692500	10
1693000	8
1693500	15
1694000	10
1694500	9
1695000	10
1695500	9
1696000	6
1696500	15
1697000	11
1697500	13
1698000	15
1698500	14
1699000	11
1699500	13
1700000	6
1700500	8
1701000	12
1701500	10
1702000	7
1702500	14
1703000	12
1703500	9
1704000	20
1704500	10
1705000	4
1705500	8
1706000	6
1706500	9
1707000	6
1707500	11
1708000	8
1708500	12
1709000	11
1709500	5
1710000	10
1710500	8
1711000	5
1711500	11
1712000	10
1712500	17
1713000	8
1713500	16
1714000	10
1714500	10
1715000	2
1715500	5
1716000	11
1716500	11
1717000	9
1717500	6
1718000	12
1718500	14
1719000	9
1719500	5
1720000	7
1720500	9
1721000	6
1721500	7
1722000	10
1722500	7
1723000	9
1723500	7
1724000	9
1724500	14
1725000	9
1725500	12
1726000	10
1726500	9
1727000	10
1727500	6
1728000	15
1728500	8
1729000	13
1729500	7
1730000	9
1730500	5
1731000	10
1731500	12
1732000	12
1732500	5
1733000	11
1733500	12
1734000	8
1734500	10
1735000	9
1735500	4
1736000	4
1736500	11
1737000	8
1737500	3
1738000	10
1738500	11
1739000	4
1739500	11
1740000	5
1740500	5
1741000	10
1741500	8
1742000	7
1742500	6
1743000	5
1743500	8
1744000	7
1744500	5
1745000	8
1745500	2
1746000	4
1746500	6
1747000	12
1747500	10
1748000	3
1748500	8
1749000	7
1749500	4
1750000	4
1750500	8
1751000	4
1751500	5
1752000	8
1752500	4
1753000	4
1753500	2
1754000	6
1754500	9
1755000	3
1755500	5
1756000	7
1756500	5
1757000	8
1757500	10
1758000	4
1758500	2
1759000	12
1759500	8
1760000	6
1760500	6
1761000	11
1761500	6
1762000	6
1762500	5
1763000	8
1763500	3
1764000	6
1764500	4
1765000	3
1765500	7
1766500	11
1767000	10
1767500	3
1768000	5
1768500	2
1769000	9
1769500	6
1770000	6
1770500	5
1771000	11
1771500	9
1772000	4
1772500	7
1773000	7
1773500	4
1774000	2
1774500	4
1775000	7
1775500	4
1776000	6
1776500	7
1777000	4
1777500	10
1778000	7
1778500	6
1779000	8
1779500	3
1780000	8
1780500	4
1781000	4
1781500	5
1782000	8
1782500	3
1783000	4
1783500	2
1784000	9
1784500	5
1785000	6
1785500	4
1786000	3
1786500	7
1787000	5
1787500	2
1788000	5
1788500	2
1789000	4
1789500	6
1790000	5
1790500	6
1791000	3
1791500	5
1792000	5
1792500	4
1793000	4
1793500	1
1794000	4
1794500	7
1795000	3
1795500	13
1796000	4
1796500	5
1797000	9
1797500	1
1798000	3
1798500	10
1799000	3
1799500	4
1800000	3
1800500	3
1801000	4
1801500	6
1802000	5
1802500	4
1803000	4
1803500	6
1804500	8
1805000	8
1805500	5
1806000	6
1806500	9
1807000	5
1807500	2
1808000	5
1808500	7
1809000	1
1809500	2
1810000	3
1811000	2
1811500	7
1812000	6
1812500	2
1813000	6
1813500	6
1814000	2
1814500	4
1815000	4
1815500	1
1816000	1
1816500	8
1817000	3
1817500	4
1818000	3
1818500	5
1819000	4
1819500	7
1820000	4
1820500	2
1821000	5
1821500	3
1822000	2
1822500	6
1823000	3
1823500	3
1824000	2
1824500	9
1825000	4
1825500	4
1826000	11
1826500	2
1827000	2
1827500	2
1828000	1
1828500	1
1829000	2
1829500	3
1830500	3
1831000	1
1831500	2
1832000	2
1832500	2
1833000	5
1833500	2
1834000	5
1834500	2
1835000	3
1835500	1
1836500	3
1837000	3
1837500	3
1838000	4
1838500	3
1839000	5
1839500	8
1840000	4
1840500	5
1841000	2
1841500	4
1842000	5
1842500	4
1843000	3
1843500	2
1844000	3
1844500	3
1845000	2
1845500	4
1846000	5
1846500	1
1847000	3
1847500	5
1848000	4
1848500	7
1849000	3
1849500	2
1850000	3
1850500	4
1851000	1
1851500	2
1852000	3
1852500	2
1853000	4
1853500	5
1854000	2
1854500	2
1855000	4
1855500	3
1856000	3
1856500	3
1857000	8
1857500	3
1858000	3
1858500	6
1859000	1
1859500	6
1860500	3
1861000	5
1862000	2
1862500	1
1863000	1
1863500	2
1864000	2
1864500	3
1865000	3
1865500	2
1866000	2
1866500	1
1867000	1
1867500	1
1868000	3
1868500	3
1869000	3
1869500	1
1870000	3
1870500	5
1871000	2
1871500	1
1872000	2
1872500	1
1873000	2
1873500	3
1874000	3
1874500	2
1875000	3
1876000	2
1876500	1
1877000	4
1877500	6
1878000	3
1878500	2
1879000	2
1879500	1
1880000	2
1881000	2
1881500	3
1882000	2
1883500	2
1884000	3
1884500	2
1885000	5
1885500	3
1886000	1
1886500	2
1887000	3
1887500	2
1888000	3
1888500	1
1889000	4
1890000	3
1890500	1
1891000	2
1891500	1
1892000	3
1892500	1
1893000	6
1894000	2
1894500	4
1895000	1
1895500	2
1896000	2
1897000	1
1897500	2
1899000	3
1900000	3
1900500	1
1901000	1
1901500	3
1902500	2
1903000	1
1903500	1
1904000	4
1904500	3
1905500	1
1906000	1
1906500	1
1907000	5
1907500	1
1908000	1
1908500	3
1910000	1
1910500	3
1911000	1
1911500	2
1912500	3
1913000	1
1913500	3
1916000	2
1917000	1
1917500	1
1918000	1
1918500	1
1919000	2
1919500	3
1920000	3
1920500	3
1921500	1
1922000	5
1923500	1
1924000	2
1925000	2
1925500	3
1926000	3
1927000	2
1927500	2
1928000	1
1928500	2
1929000	2
1929500	2
1930000	1
1930500	1
1931000	2
1931500	3
1932000	1
1932500	1
1933000	1
1933500	3
1934000	1
1934500	4
1935500	1
1936000	1
1936500	1
1937500	1
1938000	3
1938500	1
1939000	2
1939500	4
1940000	3
1940500	2
1941000	2
1942000	1
1943500	1
1944000	1
1944500	1
1945000	5
1945500	1
1946000	1
1946500	2
1947000	2
1947500	1
1948000	2
1948500	1
1949000	1
1949500	1
1950000	2
1950500	2
1951000	1
1951500	1
1952500	3
1953500	1
1954000	5
1954500	3
1955000	1
1955500	2
1956500	1
1957000	3
1957500	2
1958500	4
1959000	2
1960500	2
1961500	1
1962000	2
1963500	2
1964000	2
1964500	2
1965000	2
1967000	2
1968000	4
1968500	5
1969000	1
1969500	2
1970000	3
1970500	2
1971000	1
1971500	3
1972000	3
1972500	2
1973000	3
1973500	1
1974000	4
1975000	4
1975500	2
1976000	3
1977500	4
1978000	2
1978500	1
1979000	3
1980000	4
1980500	1
1981000	1
1981500	1
1982000	3
1982500	4
1983000	2
1983500	3
1984000	3
1984500	1
1985000	4
1985500	2
1986000	3
1986500	2
1987000	5
1987500	5
1988000	4
1988500	2
1989000	2
1989500	2
1990000	1
1991000	1
1991500	2
1992000	3
1992500	2
1993500	4
1994000	4
1995000	2
1995500	1
1996500	2
1997000	1
1997500	3
1998500	2
1999000	3
2000000	2
2000500	1
2001000	2
2001500	2
2002000	1
2003000	2
2003500	3
2004000	3
2004500	3
2005000	1
2005500	1
2006000	2
2006500	3
2007000	2
2007500	1
2008000	2
2008500	2
2009000	3
2009500	1
2010000	3
2010500	2
2011000	2
2011500	2
2012000	1
2012500	1
2013500	1
2014000	2
2014500	3
2015500	4
2016000	2
2016500	1
2017000	1
2018000	1
2018500	3
2019000	2
2019500	2
2020000	1
2020500	1
2021000	5
2021500	3
2022000	2
2022500	2
2023000	2
2023500	3
2024000	2
2024500	1
2025000	2
2025500	1
2026000	1
2026500	1
2027500	2
2028000	1
2028500	3
2029000	2
2029500	5
2030000	4
2031500	3
2032000	3
2033000	1
2033500	2
2034000	1
2034500	1
2035000	1
2036000	1
2036500	5
2037500	3
2038500	1
2039500	2
2040000	2
2040500	3
2041000	2
2041500	1
2042000	3
2042500	1
2043000	1
2044000	2
2044500	1
2045000	3
2045500	2
2047000	2
2048000	1
2049000	1
2049500	1
2050000	1
2050500	2
2051500	3
2052000	3
2053000	2
2054000	2
2054500	2
2056500	2
2057500	3
2058000	1
2059000	1
2060000	1
2060500	2
2061000	3
2065000	2
2065500	3
2067000	2
2069500	1
2071500	2
2072500	2
2073000	1
2073500	1
2078000	2
2078500	1
2079000	2
2079500	1
2080000	2
2081000	1
2081500	2
2083000	1
2084000	1
2086500	1
2087000	1
2087500	1
2088500	1
2089000	2
2090000	1
2094000	2
2094500	1
2095500	1
2097000	1
2098000	2
2099000	1
2101000	1
2102000	1
2102500	1
2103500	1
2105500	2
2106000	3
2107500	1
2108000	1
2108500	3
2109500	1
2111500	2
2112000	1
2113000	1
2113500	3
2114000	1
2115500	2
2116000	1
2117500	1
2118500	1
2119000	2
2120000	2
2121000	1
2121500	1
2124500	2
2125000	1
2127500	1
2129500	1
2130000	2
2132000	1
2133000	1
2134500	1
2136000	1
2139000	1
2141000	1
2141500	1
2142500	1
2143500	1
2144000	1
2146000	2
2148500	1
2149000	1
2150000	1
2150500	1
2152500	2
2153000	2
2155000	1
2155500	1
2158000	1
2158500	1
2162500	1
2165500	1
2166500	1
2167000	2
2168500	1
2169000	1
2169500	1
2170500	1
2171500	3
2172000	2
2172500	1
2173000	1
2176000	2
2176500	1
2177000	1
2177500	1
2178000	1
2179000	1
2180000	1
2180500	2
2181000	2
2181500	1
2184000	1
2186000	1
2186500	1
2187000	1
2188500	1
2190500	1
2191500	1
2194500	1
2198500	2
2199000	2
2199500	1
2200500	1
2201000	2
2203000	1
2204000	1
2205000	1
2208500	1
2209000	1
2210000	1
2210500	2
2211500	1
2212000	1
2212500	1
2213500	1
2214000	1
2216000	1
2218000	1
2219500	2
2223000	1
2223500	1
2224500	1
2225500	1
2226000	1
2226500	1
2228000	2
2228500	1
2230000	2
2230500	1
2233000	1
2234500	1
2235000	1
2236500	1
2239000	2
2239500	1
2240500	1
2242000	1
2242500	1
2246500	1
2248000	1
2250500	2
2251000	1
2252000	1
2252500	1
2254000	1
2255000	1
2258000	1
2260000	1
2260500	2
2261000	1
2261500	1
2262500	1
2263000	1
2264000	1
2267000	1
2269000	1
2269500	1
2270000	1
2270500	1
2272500	1
2273500	1
2274000	2
2275000	1
2275500	1
2276000	1
2276500	1
2281000	1
2281500	1
2282000	1
2284000	1
2285000	1
2287500	1
2290000	1
2290500	2
2291500	1
2294000	1
2294500	1
2295500	1
2296500	1
2297500	1
2298000	2
2300000	1
2302500	1
2303000	1
2303500	1
2304000	2
2305000	2
2307500	1
2309000	1
2312500	1
2313000	2
2313500	1
2314500	1
2318000	1
2318500	1
2319000	2
2321500	1
2322500	1
2325500	1
2334500	1
2335500	2
2336000	2
2336500	1
2340000	1
2342000	1
2345500	1
2346500	1
2347000	1
2347500	1
2349000	3
2351500	1
2352000	1
2352500	1
2353500	1
2354500	1
2360000	1
2361500	1
2367000	1
2368000	1
2370000	1
2371500	2
2372500	1
2373500	1
2374000	1
2377500	1
2378000	1
2380000	1
2380500	1
2382000	1
2382500	1
2383500	2
2384500	1
2385500	2
2387500	2
2388500	1
2389000	1
2390000	2
2391000	1
2392000	2
2392500	1
2394000	1
2394500	1
2396500	2
2398000	1
2398500	2
2403000	1
2404500	1
2406000	1
2407000	1
2407500	1
2408000	1
2408500	2
2409000	1
2409500	1
2410500	1
2411000	1
2413500	1
2415500	1
2420500	1
2421500	1
2422500	1
2423000	1
2424000	2
2424500	1
2425500	1
2427500	1
2428500	2
2430000	1
2430500	2
2431000	1
2432000	1
2433500	1
2434000	1
2436000	1
2437000	1
2438500	1
2439500	2
2440000	1
2441000	1
2442500	1
2443000	2
2444000	1
2444500	1
2445000	1
2445500	1
2449500	1
2450500	1
2455500	1
2456500	2
2459000	1
2460000	3
2463000	1
2465500	1
2467000	1
2468000	1
2470500	3
2471000	1
2472500	2
2474000	1
2474500	1
2475000	1
2476000	1
2476500	1
2478000	1
2482500	1
2483000	1
2483500	1
2485500	2
2486500	2
2487500	1
2490500	1
2493000	1
2494500	1
2495000	1
2496500	1
2497500	1
2500000	1
2501500	2
2502000	1
2503000	2
2505000	1
2508500	1
2510000	1
2513500	1
2514000	1
2515500	1
2516500	1
2517500	1
2518000	2
2519500	1
2520000	1
2520500	1
2521000	1
2521500	2
2523000	1
2523500	2
2525000	2
2526000	1
2528000	1
2530000	1
2531500	1
2534000	1
2534500	1
2535000	2
2537000	1
2538000	1
2539000	2
2540500	1
2541500	1
2542000	2
2542500	1
2543000	1
2543500	3
2544000	1
2544500	1
2547000	1
2551000	1
2553000	1
2555000	1
2555500	1
2556000	1
2557500	1
2558000	3
2558500	2
2559000	1
2559500	1
2561500	2
2562500	1
2564000	1
2565000	1
2566500	1
2567000	1
2567500	1
2569500	1
2570000	1
2571000	1
2572000	1
2573000	1
2575500	2
2577500	1
2582000	1
2583000	1
2583500	1
2584500	1
2586000	2
2586500	1
2587500	2
2588000	1
2588500	1
2589000	1
2589500	2
2590000	1
2591000	2
2591500	2
2592000	1
2592500	1
2593000	1
2593500	1
2594500	1
2595000	3
2596500	1
2597000	1
2598500	2
2599000	2
2599500	1
2600500	1
2601500	1
2602000	2
2602500	2
2603000	3
2603500	1
2604000	1
2604500	1
2605000	1
2605500	1
2606500	1
2607500	1
2608000	1
2608500	2
2609000	1
2609500	1
2610500	2
2611500	1
2612000	1
2612500	3
2614000	1
2614500	1
2615000	2
2615500	1
2616000	3
2616500	3
2617000	1
2617500	1
2620000	1
2620500	1
2621000	1
2622000	5
2622500	3
2624000	2
2625000	1
2626000	2
2626500	1
2627000	1
2628000	1
2628500	1
2629000	3
2630000	1
2631000	2
2631500	2
2632000	1
2633000	1
2635000	1
2635500	2
2636000	3
2637500	1
2638000	1
2638500	2
2639000	3
2640000	1
2641000	2
2641500	2
2642000	1
2642500	1
2643500	3
2644000	2
2644500	2
2645000	2
2645500	1
2646000	2
2647000	2
2647500	2
2649000	1
2649500	3
2650000	3
2650500	1
2651000	1
2651500	2
2652000	3
2652500	1
2653500	3
2654000	2
2654500	1
2655000	2
2655500	2
2656000	1
2657000	2
2657500	1
2658000	3
2658500	1
2659000	2
2659500	2
2660000	1
2660500	2
2661000	1
2661500	1
2662000	2
2662500	2
2663000	1
2663500	2
2665000	3
2665500	1
2666000	2
2666500	2
2667000	1
2667500	1
2668000	1
2668500	2
2669000	5
2669500	2
2670000	1
2670500	2
2671000	1
2671500	2
2672500	2
2673000	1
2673500	2
2674000	4
2674500	3
2675000	1
2675500	3
2676000	3
2676500	2
2677000	2
2677500	2
2678000	1
2678500	1
2679000	3
2679500	2
2681000	4
2682500	3
2683000	2
2684000	1
2684500	1
2685000	2
2685500	3
2686000	2
2687000	1
2688500	4
2689000	2
2689500	3
2690500	2
2691000	2
2691500	2
2692000	1
2692500	3
2693000	1
2693500	1
2694000	3
2694500	3
2695000	1
2695500	2
2696000	2
2696500	1
2697000	3
2697500	2
2698000	2
2698500	5
2699000	2
2699500	2
2700500	2
2701000	1
2701500	3
2702000	1
2703000	1
2703500	1
2704500	1
2705000	2
2705500	1
2706000	2
2706500	1
2707000	2
2708500	1
2709000	1
2709500	1
2710000	1
2710500	1
2711000	2
2712000	1
2713000	1
2713500	2
2714000	2
2714500	1
2715000	1
2715500	2
2716000	1
2717500	1
2718000	1
2719000	1
2719500	3
2721500	1
2722000	2
2722500	2
2723000	1
2723500	2
2724000	1
2724500	1
2725000	1
2725500	4
2726000	2
2726500	2
2727000	2
2727500	1
2728000	2
2729000	4
2729500	2
2731500	2
2732500	1
2733000	2
2734500	3
2736000	1
2737000	1
2738500	1
2739500	2
2740000	1
2741000	1
2741500	3
2742500	1
2744500	1
2745000	3
2746500	1
2747000	1
2747500	2
2748000	1
2748500	2
2749000	1
2750000	1
2750500	1
2751000	3
2752000	1
2752500	1
2753000	2
2753500	2
2755000	1
2755500	3
2756000	2
2756500	1
2757000	1
2757500	1
2758000	1
2759000	1
2760500	1
2761000	1
2761500	1
2762500	2
2763000	1
2763500	1
2764000	1
2765000	2
2766500	2
2767000	3
2768000	1
2770000	1
2771500	1
2772000	3
2773000	1
2774500	1
2775500	2
2776000	2
2778500	1
2780500	2
2781000	2
2784500	1
2787000	1
2789000	2
2789500	2
2791000	1
2792000	1
2792500	1
2793500	1
2794000	1
2795000	1
2796000	1
2797500	1
2798500	1
2801000	1
2804500	1
2805000	2
2805500	1
2806500	1
2807000	1
2808000	1
2808500	1
2809000	2
2810000	1
2812500	2
2816500	1
2817000	1
2819000	1
2819500	2
2820500	1
2821000	2
2823000	1
2825000	1
2826000	1
2829500	1
2830000	1
2831000	1
2831500	1
2834000	1
2836500	1
2837000	1
2837500	1
2839500	1
2840000	1
2841500	1
2842500	2
2844000	1
2846000	1
2846500	1
2849500	1
2850000	1
2852500	1
2855500	1
2857000	2
2857500	1
2858500	1
2860000	1
2861000	1
2863000	2
2863500	1
2865000	1
2866500	2
2867000	1
2867500	1
2869500	1
2870000	1
2873500	1
2876000	1
2876500	1
2877000	1
2878000	1
2878500	1
2882000	1
2884000	1
2886500	2
2889500	1
2891000	1
2891500	1
2892000	1
2894500	1
2900000	1
2900500	2
2901500	1
2904000	2
2904500	1
2905000	1
2907000	1
2910500	1
2911000	1
2913500	3
2915000	1
2916500	1
2918000	1
2920000	2
2920500	1
2921500	1
2922000	1
2923000	1
2926000	1
2931000	2
2932000	1
2933000	1
2946500	1
2950000	1
2952500	1
2955000	1
2955500	1
2957500	1
2959500	1
2961000	1
2964500	1
2965500	1
2969000	1
2970000	1
2980000	1
2980500	1
2987500	1
2989500	1
2992500	1
2995000	1
2997500	1
3004500	1
3013500	1
3014000	1
3018500	1
3021000	1
3022000	1
3023000	1
3023500	1
3025000	2
3028000	1
3029000	1
3030500	1
3032000	1
3034500	1
3036500	1
3040000	1
3042500	1
3043500	1
3044000	1
3046500	1
3056500	1
3072500	1
3081000	1
3081500	1
3084000	1
3084500	1
3085000	1
3092000	1
3105000	1
3111500	1
3120500	1
3124500	2
3132000	1
3134500	1
3136000	1
3148500	2
3153000	1
3154500	1
3156500	1
3162000	1
3170500	1
3176000	1
3176500	1
3180500	1
3181500	1
3183000	1
3217500	1
3272000	1
3280500	1
3299000	1
3346500	1
