# CHIME Latency Histogram - Range
# Bucket size: 500 ns
# Total samples: 9000000
# Format: latency_ns	count
36000	1
39500	1
40500	1
41000	1
41500	2
42000	2
42500	2
43000	4
43500	4
44000	3
44500	2
45000	9
45500	8
46000	4
46500	8
47000	7
47500	12
48000	13
48500	15
49000	19
49500	23
50000	21
50500	26
51000	30
51500	38
52000	33
52500	35
53000	38
53500	63
54000	64
54500	59
55000	53
55500	73
56000	65
56500	89
57000	82
57500	112
58000	115
58500	111
59000	120
59500	164
60000	155
60500	192
61000	212
61500	187
62000	224
62500	236
63000	271
63500	307
64000	343
64500	314
65000	365
65500	370
66000	399
66500	375
67000	466
67500	520
68000	474
68500	561
69000	555
69500	598
70000	669
70500	697
71000	708
71500	741
72000	823
72500	823
73000	856
73500	889
74000	966
74500	1076
75000	1106
75500	1086
76000	1167
76500	1239
77000	1333
77500	1261
78000	1279
78500	1425
79000	1473
79500	1492
80000	1538
80500	1572
81000	1558
81500	1728
82000	1717
82500	1736
83000	1850
83500	1856
84000	1901
84500	2004
85000	1971
85500	2094
86000	2033
86500	2101
87000	2116
87500	2202
88000	2281
88500	2319
89000	2368
89500	2407
90000	2386
90500	2417
91000	2483
91500	2632
92000	2625
92500	2727
93000	2641
93500	2728
94000	2804
94500	2809
95000	2886
95500	2928
96000	2966
96500	3025
97000	2969
97500	3234
98000	3090
98500	3138
99000	3269
99500	3181
100000	3244
100500	3326
101000	3404
101500	3342
102000	3367
102500	3385
103000	3417
103500	3453
104000	3458
104500	3558
105000	3592
105500	3620
106000	3535
106500	3796
107000	3671
107500	3685
108000	3552
108500	3682
109000	3743
109500	3732
110000	3723
110500	3839
111000	3784
111500	3693
112000	3823
112500	3827
113000	3734
113500	3893
114000	3903
114500	3992
115000	3870
115500	3927
116000	3973
116500	3998
117000	3955
117500	4047
118000	4085
118500	4077
119000	4232
119500	4198
120000	4192
120500	4209
121000	4213
121500	4280
122000	4321
122500	4266
123000	4387
123500	4346
124000	4462
124500	4484
125000	4432
125500	4511
126000	4577
126500	4472
127000	4653
127500	4598
128000	4625
128500	4693
129000	4773
129500	4784
130000	4784
130500	4912
131000	4807
131500	4881
132000	5037
132500	4998
133000	5006
133500	5065
134000	5052
134500	5206
135000	5198
135500	5182
136000	5133
136500	5293
137000	5334
137500	5430
138000	5608
138500	5549
139000	5555
139500	5650
140000	5834
140500	5632
141000	5758
141500	5802
142000	5744
142500	5845
143000	5799
143500	5954
144000	5958
144500	5953
145000	6143
145500	6082
146000	6252
146500	6230
147000	6332
147500	6309
148000	6461
148500	6504
149000	6499
149500	6337
150000	6676
150500	6541
151000	6768
151500	6696
152000	6722
152500	6715
153000	6757
153500	6868
154000	6902
154500	6903
155000	7043
155500	7190
156000	7111
156500	7163
157000	7189
157500	7285
158000	7326
158500	7478
159000	7576
159500	7436
160000	7413
160500	7612
161000	7533
161500	7611
162000	7641
162500	7676
163000	7817
163500	7857
164000	7722
164500	7798
165000	7987
165500	7947
166000	7956
166500	7896
167000	7956
167500	8178
168000	8081
168500	8113
169000	8166
169500	8122
170000	8381
170500	8177
171000	8293
171500	8242
172000	8437
172500	8314
173000	8379
173500	8489
174000	8371
174500	8480
175000	8463
175500	8460
176000	8321
176500	8503
177000	8401
177500	8593
178000	8492
178500	8581
179000	8690
179500	8570
180000	8575
180500	8494
181000	8463
181500	8425
182000	8494
182500	8532
183000	8392
183500	8359
184000	8457
184500	8624
185000	8614
185500	8485
186000	8272
186500	8480
187000	8423
187500	8333
188000	8500
188500	8401
189000	8412
189500	8632
190000	8395
190500	8391
191000	8441
191500	8269
192000	8421
192500	8343
193000	8364
193500	8062
194000	8236
194500	8338
195000	8174
195500	8130
196000	8168
196500	8095
197000	8228
197500	7898
198000	8108
198500	7875
199000	8012
199500	7945
200000	7902
200500	7876
201000	7930
201500	7838
202000	7756
202500	7812
203000	7849
203500	7790
204000	7769
204500	7633
205000	7601
205500	7387
206000	7521
206500	7562
207000	7538
207500	7328
208000	7466
208500	7386
209000	7341
209500	7350
210000	7160
210500	7211
211000	7115
211500	7134
212000	7139
212500	7088
213000	6928
213500	7100
214000	6965
214500	6914
215000	6823
215500	6878
216000	6774
216500	6696
217000	6847
217500	6792
218000	6657
218500	6577
219000	6523
219500	6388
220000	6410
220500	6307
221000	6283
221500	6386
222000	6305
222500	6251
223000	6305
223500	6214
224000	6153
224500	5934
225000	6004
225500	5936
226000	5983
226500	5776
227000	5934
227500	5950
228000	5867
228500	5735
229000	5512
229500	5767
230000	5633
230500	5576
231000	5608
231500	5539
232000	5657
232500	5364
233000	5418
233500	5459
234000	5331
234500	5252
235000	5265
235500	5201
236000	5261
236500	5259
237000	5152
237500	5111
238000	5044
238500	5029
239000	5023
239500	4966
240000	5005
240500	4894
241000	4768
241500	4779
242000	4779
242500	4709
243000	4679
243500	4738
244000	4656
244500	4680
245000	4505
245500	4495
246000	4507
246500	4510
247000	4416
247500	4517
248000	4437
248500	4392
249000	4317
249500	4290
250000	4306
250500	4244
251000	4326
251500	4209
252000	4248
252500	4233
253000	4112
253500	4091
254000	4080
254500	4103
255000	3952
255500	4102
256000	4010
256500	3936
257000	3940
257500	3878
258000	4004
258500	3851
259000	3970
259500	3760
260000	3849
260500	3833
261000	3808
261500	3812
262000	3680
262500	3780
263000	3708
263500	3829
264000	3690
264500	3753
265000	3619
265500	3754
266000	3654
266500	3700
267000	3542
267500	3683
268000	3608
268500	3618
269000	3630
269500	3601
270000	3545
270500	3416
271000	3569
271500	3587
272000	3520
272500	3528
273000	3467
273500	3481
274000	3476
274500	3450
275000	3535
275500	3411
276000	3478
276500	3424
277000	3375
277500	3496
278000	3402
278500	3387
279000	3474
279500	3525
280000	3345
280500	3485
281000	3352
281500	3408
282000	3233
282500	3309
283000	3408
283500	3346
284000	3428
284500	3296
285000	3393
285500	3371
286000	3429
286500	3217
287000	3331
287500	3314
288000	3304
288500	3428
289000	3312
289500	3440
290000	3337
290500	3328
291000	3387
291500	3392
292000	3357
292500	3443
293000	3302
293500	3312
294000	3452
294500	3291
295000	3381
295500	3310
296000	3362
296500	3421
297000	3493
297500	3394
298000	3381
298500	3395
299000	3366
299500	3403
300000	3538
300500	3383
301000	3425
301500	3433
302000	3482
302500	3365
303000	3426
303500	3426
304000	3387
304500	3338
305000	3512
305500	3553
306000	3426
306500	3443
307000	3498
307500	3593
308000	3484
308500	3437
309000	3501
309500	3533
310000	3411
310500	3453
311000	3520
311500	3577
312000	3534
312500	3609
313000	3429
313500	3480
314000	3637
314500	3551
315000	3498
315500	3643
316000	3519
316500	3572
317000	3686
317500	3603
318000	3516
318500	3586
319000	3629
319500	3609
320000	3735
320500	3547
321000	3572
321500	3614
322000	3725
322500	3635
323000	3629
323500	3629
324000	3628
324500	3613
325000	3602
325500	3582
326000	3768
326500	3681
327000	3746
327500	3688
328000	3685
328500	3666
329000	3716
329500	3805
330000	3813
330500	3623
331000	3714
331500	3773
332000	3749
332500	3798
333000	3655
333500	3773
334000	3794
334500	3769
335000	3855
335500	3817
336000	3873
336500	3955
337000	3865
337500	3834
338000	3909
338500	3897
339000	3867
339500	3780
340000	3835
340500	3870
341000	3917
341500	3854
342000	3778
342500	3978
343000	3803
343500	3822
344000	3932
344500	3965
345000	4042
345500	3933
346000	3947
346500	3954
347000	3910
347500	3936
348000	3935
348500	4090
349000	4063
349500	4129
350000	3973
350500	3975
351000	4033
351500	3984
352000	4002
352500	4020
353000	4022
353500	4140
354000	4052
354500	4091
355000	4099
355500	4087
356000	4195
356500	4090
357000	4073
357500	4121
358000	4200
358500	4066
359000	4000
359500	4075
360000	4117
360500	3982
361000	4262
361500	4068
362000	4065
362500	4160
363000	4215
363500	4185
364000	4317
364500	4259
365000	4126
365500	4176
366000	4248
366500	4099
367000	4378
367500	4334
368000	4092
368500	4241
369000	4358
369500	4138
370000	4175
370500	4227
371000	4171
371500	4323
372000	4165
372500	4331
373000	4240
373500	4173
374000	4403
374500	4385
375000	4307
375500	4402
376000	4164
376500	4333
377000	4414
377500	4279
378000	4399
378500	4496
379000	4313
379500	4258
380000	4402
380500	4339
381000	4404
381500	4484
382000	4330
382500	4422
383000	4474
383500	4446
384000	4340
384500	4316
385000	4509
385500	4490
386000	4475
386500	4462
387000	4524
387500	4438
388000	4471
388500	4501
389000	4612
389500	4434
390000	4618
390500	4536
391000	4397
391500	4469
392000	4576
392500	4455
393000	4399
393500	4464
394000	4582
394500	4623
395000	4555
395500	4572
396000	4563
396500	4512
397000	4630
397500	4644
398000	4600
398500	4675
399000	4719
399500	4624
400000	4488
400500	4600
401000	4756
401500	4747
402000	4678
402500	4692
403000	4651
403500	4649
404000	4672
404500	4576
405000	4685
405500	4746
406000	4618
406500	4805
407000	4786
407500	4691
408000	4681
408500	4682
409000	4784
409500	4844
410000	4837
410500	4738
411000	4887
411500	4813
412000	4822
412500	4821
413000	4822
413500	4876
414000	4900
414500	4900
415000	4794
415500	4964
416000	4864
416500	4806
417000	4843
417500	4884
418000	4867
418500	4970
419000	4915
419500	4966
420000	4918
420500	4903
421000	5014
421500	5072
422000	4898
422500	5076
423000	4970
423500	4956
424000	4993
424500	4889
425000	5072
425500	5020
426000	4935
426500	4949
427000	5245
427500	4945
428000	5077
428500	5056
429000	5051
429500	5119
430000	5060
430500	5101
431000	5037
431500	5107
432000	5040
432500	5244
433000	5104
433500	5050
434000	5091
434500	5275
435000	5116
435500	5252
436000	5201
436500	5154
437000	5244
437500	5201
438000	5258
438500	5326
439000	5262
439500	5165
440000	5123
440500	5200
441000	5280
441500	5242
442000	5214
442500	5178
443000	5319
443500	5270
444000	5280
444500	5229
445000	5278
445500	5226
446000	5149
446500	5313
447000	5139
447500	5347
448000	5321
448500	5370
449000	5222
449500	5359
450000	5457
450500	5403
451000	5413
451500	5334
452000	5369
452500	5247
453000	5437
453500	5432
454000	5340
454500	5542
455000	5477
455500	5408
456000	5482
456500	5336
457000	5421
457500	5373
458000	5434
458500	5522
459000	5414
459500	5445
460000	5652
460500	5590
461000	5517
461500	5562
462000	5577
462500	5523
463000	5737
463500	5500
464000	5619
464500	5515
465000	5462
465500	5603
466000	5536
466500	5598
467000	5594
467500	5542
468000	5658
468500	5595
469000	5650
469500	5523
470000	5608
470500	5736
471000	5610
471500	5630
472000	5636
472500	5697
473000	5666
473500	5548
474000	5814
474500	5759
475000	5776
475500	5742
476000	5650
476500	5705
477000	5779
477500	5736
478000	5731
478500	5593
479000	5753
479500	5695
480000	5791
480500	5761
481000	5771
481500	5719
482000	5846
482500	5787
483000	5858
483500	5838
484000	5731
484500	5776
485000	5759
485500	5741
486000	5893
486500	5786
487000	5744
487500	5940
488000	5835
488500	5905
489000	5942
489500	5855
490000	5914
490500	5863
491000	5856
491500	5821
492000	5850
492500	5877
493000	5868
493500	5965
494000	6029
494500	5931
495000	5879
495500	5981
496000	6052
496500	6043
497000	5975
497500	6030
498000	6048
498500	5905
499000	5928
499500	6006
500000	5806
500500	5832
501000	6019
501500	6114
502000	5977
502500	6103
503000	5955
503500	6048
504000	6062
504500	5969
505000	5948
505500	6030
506000	6036
506500	6052
507000	6140
507500	5987
508000	6150
508500	6143
509000	6052
509500	6080
510000	6109
510500	6033
511000	6177
511500	6086
512000	5911
512500	6086
513000	6094
513500	6074
514000	6079
514500	6209
515000	6289
515500	6186
516000	6146
516500	6168
517000	6194
517500	6118
518000	6141
518500	6099
519000	6081
519500	6151
520000	6272
520500	6309
521000	6217
521500	6291
522000	6343
522500	6273
523000	6287
523500	6033
524000	6178
524500	6197
525000	6259
525500	6162
526000	6286
526500	6119
527000	6229
527500	6010
528000	6125
528500	6163
529000	6227
529500	6171
530000	6230
530500	6316
531000	6157
531500	6119
532000	6065
532500	6213
533000	6187
533500	6138
534000	6204
534500	6365
535000	6266
535500	6249
536000	6175
536500	6192
537000	6195
537500	6262
538000	6310
538500	6287
539000	6246
539500	6240
540000	6317
540500	6349
541000	6299
541500	6288
542000	6228
542500	6268
543000	6107
543500	6260
544000	6286
544500	6109
545000	6303
545500	6340
546000	6169
546500	6271
547000	6385
547500	6141
548000	6192
548500	6384
549000	6334
549500	6332
550000	6157
550500	6348
551000	6316
551500	6359
552000	6342
552500	6334
553000	6430
553500	6300
554000	6325
554500	6230
555000	6411
555500	6165
556000	6193
556500	6420
557000	6241
557500	6260
558000	6388
558500	6316
559000	6490
559500	6190
560000	6139
560500	6307
561000	6464
561500	6266
562000	6336
562500	6417
563000	6300
563500	6287
564000	6399
564500	6297
565000	6138
565500	6226
566000	6357
566500	6330
567000	6178
567500	6236
568000	6292
568500	6119
569000	6345
569500	6370
570000	6278
570500	6395
571000	6150
571500	6264
572000	6326
572500	6290
573000	6288
573500	6335
574000	6363
574500	6210
575000	6433
575500	6331
576000	6265
576500	6140
577000	6140
577500	6357
578000	6275
578500	6216
579000	6239
579500	6343
580000	6139
580500	6312
581000	6270
581500	5979
582000	6214
582500	6204
583000	6342
583500	6196
584000	6216
584500	6149
585000	6225
585500	5991
586000	6310
586500	6259
587000	6351
587500	6211
588000	6267
588500	6296
589000	6316
589500	6356
590000	6233
590500	6364
591000	6278
591500	6274
592000	6314
592500	6184
593000	6194
593500	6214
594000	6308
594500	6224
595000	6230
595500	6241
596000	6357
596500	6141
597000	6237
597500	6273
598000	6125
598500	6097
599000	6090
599500	6158
600000	6106
600500	6303
601000	6217
601500	6096
602000	6138
602500	6250
603000	6096
603500	6202
604000	6285
604500	6091
605000	6157
605500	6117
606000	6187
606500	6155
607000	6258
607500	6304
608000	6199
608500	6232
609000	5973
609500	6170
610000	6093
610500	6042
611000	6181
611500	6151
612000	6107
612500	6057
613000	6097
613500	6154
614000	5833
614500	6103
615000	6072
615500	6046
616000	6139
616500	6182
617000	6211
617500	5946
618000	6012
618500	5979
619000	5964
619500	6163
620000	5987
620500	5917
621000	6134
621500	6037
622000	6087
622500	6066
623000	6141
623500	6141
624000	6100
624500	6043
625000	6101
625500	6073
626000	6143
626500	6022
627000	6051
627500	6022
628000	5947
628500	5967
629000	5740
629500	6027
630000	5980
630500	5965
631000	5885
631500	6015
632000	6029
632500	6091
633000	5898
633500	6012
634000	6064
634500	5937
635000	5948
635500	5878
636000	5814
636500	5831
637000	5959
637500	5725
638000	5949
638500	5884
639000	5890
639500	5891
640000	6097
640500	5887
641000	5897
641500	5900
642000	6023
642500	5912
643000	5965
643500	5834
644000	5755
644500	5915
645000	5805
645500	5811
646000	5849
646500	5751
647000	5877
647500	6001
648000	6017
648500	5848
649000	5861
649500	5790
650000	5812
650500	5631
651000	5614
651500	5665
652000	5736
652500	5818
653000	5674
653500	5775
654000	5742
654500	5712
655000	5717
655500	5795
656000	5739
656500	5734
657000	5743
657500	5772
658000	5770
658500	5781
659000	5667
659500	5788
660000	5756
660500	5602
661000	5608
661500	5553
662000	5688
662500	5800
663000	5661
663500	5779
664000	5691
664500	5661
665000	5596
665500	5666
666000	5669
666500	5575
667000	5699
667500	5623
668000	5631
668500	5438
669000	5737
669500	5495
670000	5635
670500	5644
671000	5628
671500	5512
672000	5573
672500	5594
673000	5597
673500	5572
674000	5537
674500	5576
675000	5496
675500	5633
676000	5682
676500	5549
677000	5530
677500	5515
678000	5488
678500	5426
679000	5645
679500	5429
680000	5515
680500	5370
681000	5485
681500	5563
682000	5423
682500	5510
683000	5503
683500	5502
684000	5502
684500	5327
685000	5511
685500	5431
686000	5536
686500	5495
687000	5437
687500	5527
688000	5405
688500	5443
689000	5375
689500	5356
690000	5416
690500	5304
691000	5457
691500	5438
692000	5371
692500	5354
693000	5352
693500	5258
694000	5373
694500	5357
695000	5289
695500	5254
696000	5201
696500	5198
697000	5205
697500	5292
698000	5181
698500	5320
699000	5163
699500	5221
700000	5114
700500	5288
701000	5226
701500	5257
702000	5268
702500	5154
703000	5276
703500	5357
704000	5054
704500	5247
705000	5118
705500	5086
706000	5219
706500	5241
707000	5114
707500	5109
708000	5061
708500	5186
709000	5048
709500	5081
710000	5160
710500	5371
711000	5038
711500	5080
712000	4984
712500	4946
713000	4997
713500	5146
714000	5087
714500	5023
715000	5105
715500	5069
716000	5078
716500	5069
717000	4962
717500	5016
718000	5011
718500	5030
719000	5048
719500	4948
720000	4942
720500	4909
721000	4928
721500	4823
722000	4889
722500	4990
723000	4850
723500	4920
724000	4949
724500	4936
725000	4943
725500	4944
726000	4968
726500	4849
727000	4998
727500	5007
728000	4930
728500	4888
729000	4959
729500	4849
730000	4754
730500	4757
731000	4850
731500	4859
732000	4856
732500	4825
733000	4779
733500	4778
734000	4912
734500	4814
735000	4700
735500	4659
736000	4693
736500	4645
737000	4788
737500	4718
738000	4760
738500	4650
739000	4716
739500	4961
740000	4583
740500	4727
741000	4691
741500	4686
742000	4595
742500	4620
743000	4605
743500	4690
744000	4667
744500	4551
745000	4591
745500	4632
746000	4608
746500	4604
747000	4564
747500	4682
748000	4674
748500	4467
749000	4540
749500	4617
750000	4352
750500	4580
751000	4525
751500	4376
752000	4506
752500	4575
753000	4560
753500	4586
754000	4523
754500	4546
755000	4491
755500	4591
756000	4531
756500	4364
757000	4411
757500	4453
758000	4419
758500	4459
759000	4431
759500	4339
760000	4468
760500	4316
761000	4293
761500	4364
762000	4229
762500	4339
763000	4443
763500	4374
764000	4307
764500	4328
765000	4314
765500	4379
766000	4395
766500	4251
767000	4192
767500	4275
768000	4321
768500	4226
769000	4305
769500	4210
770000	4188
770500	4297
771000	4227
771500	4256
772000	4188
772500	4252
773000	4208
773500	4217
774000	4243
774500	4220
775000	4196
775500	4152
776000	4144
776500	4221
777000	4165
777500	4041
778000	4093
778500	4136
779000	4155
779500	4195
780000	3965
780500	4015
781000	3969
781500	4100
782000	4071
782500	4080
783000	4109
783500	4063
784000	4219
784500	3991
785000	4056
785500	3976
786000	4016
786500	4057
787000	4146
787500	4104
788000	4112
788500	4064
789000	3978
789500	3984
790000	3885
790500	3928
791000	3982
791500	3907
792000	4036
792500	3937
793000	3892
793500	3930
794000	3825
794500	3873
795000	3917
795500	4017
796000	3900
796500	3831
797000	3923
797500	3771
798000	3793
798500	3790
799000	3762
799500	3792
800000	3769
800500	3796
801000	3798
801500	3824
802000	3805
802500	3705
803000	3763
803500	3678
804000	3632
804500	3614
805000	3731
805500	3863
806000	3747
806500	3634
807000	3775
807500	3744
808000	3723
808500	3746
809000	3803
809500	3773
810000	3660
810500	3640
811000	3642
811500	3645
812000	3626
812500	3575
813000	3502
813500	3697
814000	3718
814500	3707
815000	3532
815500	3660
816000	3626
816500	3569
817000	3518
817500	3559
818000	3480
818500	3628
819000	3494
819500	3529
820000	3481
820500	3553
821000	3492
821500	3425
822000	3520
822500	3467
823000	3453
823500	3397
824000	3480
824500	3409
825000	3505
825500	3375
826000	3491
826500	3439
827000	3502
827500	3455
828000	3380
828500	3429
829000	3447
829500	3398
830000	3393
830500	3440
831000	3401
831500	3384
832000	3369
832500	3376
833000	3238
833500	3471
834000	3327
834500	3320
835000	3131
835500	3322
836000	3321
836500	3196
837000	3198
837500	3256
838000	3278
838500	3169
839000	3229
839500	3318
840000	3176
840500	3146
841000	3236
841500	3379
842000	3171
842500	3232
843000	3112
843500	3245
844000	3175
844500	3159
845000	3151
845500	3074
846000	3139
846500	3016
847000	3072
847500	3098
848000	3178
848500	3088
849000	3163
849500	3126
850000	3163
850500	3188
851000	3043
851500	3029
852000	3043
852500	2995
853000	2941
853500	3065
854000	3127
854500	2946
855000	3067
855500	3064
856000	2984
856500	2938
857000	2977
857500	3087
858000	2993
858500	2963
859000	2953
859500	2942
860000	2952
860500	2953
861000	2882
861500	2928
862000	2930
862500	2917
863000	2913
863500	2952
864000	2889
864500	2867
865000	2837
865500	2895
866000	2840
866500	2870
867000	2841
867500	2879
868000	2839
868500	2804
869000	2917
869500	2926
870000	2864
870500	2896
871000	2865
871500	2864
872000	2809
872500	2721
873000	2846
873500	2818
874000	2812
874500	2699
875000	2692
875500	2773
876000	2679
876500	2761
877000	2755
877500	2705
878000	2773
878500	2740
879000	2780
879500	2790
880000	2753
880500	2704
881000	2777
881500	2750
882000	2617
882500	2744
883000	2658
883500	2580
884000	2549
884500	2748
885000	2688
885500	2614
886000	2536
886500	2639
887000	2635
887500	2597
888000	2654
888500	2626
889000	2605
889500	2577
890000	2598
890500	2573
891000	2538
891500	2528
892000	2526
892500	2627
893000	2455
893500	2563
894000	2522
894500	2552
895000	2502
895500	2598
896000	2422
896500	2552
897000	2540
897500	2496
898000	2481
898500	2483
899000	2493
899500	2469
900000	2410
900500	2580
901000	2445
901500	2479
902000	2429
902500	2496
903000	2428
903500	2398
904000	2330
904500	2427
905000	2449
905500	2342
906000	2433
906500	2338
907000	2403
907500	2336
908000	2428
908500	2325
909000	2376
909500	2404
910000	2357
910500	2360
911000	2400
911500	2310
912000	2415
912500	2232
913000	2296
913500	2296
914000	2343
914500	2304
915000	2304
915500	2259
916000	2301
916500	2336
917000	2262
917500	2288
918000	2304
918500	2232
919000	2248
919500	2244
920000	2239
920500	2164
921000	2204
921500	2254
922000	2190
922500	2231
923000	2205
923500	2222
924000	2101
924500	2233
925000	2242
925500	2165
926000	2157
926500	2049
927000	2190
927500	2181
928000	2131
928500	2130
929000	2156
929500	2180
930000	2087
930500	2210
931000	2198
931500	2181
932000	2159
932500	2141
933000	2111
933500	2125
934000	2064
934500	2107
935000	2166
935500	2095
936000	2099
936500	2056
937000	1955
937500	2078
938000	2133
938500	2004
939000	2025
939500	2099
940000	2038
940500	1936
941000	2073
941500	2035
942000	2071
942500	2043
943000	1977
943500	2028
944000	2055
944500	2018
945000	1966
945500	1982
946000	1953
946500	1965
947000	1996
947500	1961
948000	1953
948500	1951
949000	1942
949500	1950
950000	1920
950500	1936
951000	1945
951500	1932
952000	1904
952500	1834
953000	2002
953500	1925
954000	1958
954500	1893
955000	1903
955500	1873
956000	1901
956500	1901
957000	1869
957500	1840
958000	1850
958500	1857
959000	1776
959500	1869
960000	1813
960500	1810
961000	1890
961500	1935
962000	1780
962500	1804
963000	1843
963500	1855
964000	1839
964500	1899
965000	1840
965500	1772
966000	1763
966500	1811
967000	1771
967500	1779
968000	1753
968500	1745
969000	1790
969500	1759
970000	1780
970500	1713
971000	1797
971500	1716
972000	1742
972500	1754
973000	1705
973500	1720
974000	1792
974500	1696
975000	1738
975500	1737
976000	1653
976500	1673
977000	1650
977500	1626
978000	1577
978500	1574
979000	1698
979500	1634
980000	1663
980500	1724
981000	1631
981500	1644
982000	1661
982500	1669
983000	1710
983500	1609
984000	1668
984500	1645
985000	1649
985500	1642
986000	1659
986500	1614
987000	1717
987500	1582
988000	1559
988500	1575
989000	1630
989500	1549
990000	1590
990500	1608
991000	1508
991500	1573
992000	1626
992500	1537
993000	1530
993500	1508
994000	1538
994500	1557
995000	1562
995500	1494
996000	1504
996500	1546
997000	1551
997500	1540
998000	1583
998500	1485
999000	1560
999500	1483
1000000	1501
1000500	1510
1001000	1519
1001500	1536
1002000	1408
1002500	1517
1003000	1403
1003500	1434
1004000	1463
1004500	1458
1005000	1488
1005500	1437
1006000	1483
1006500	1464
1007000	1470
1007500	1469
1008000	1501
1008500	1405
1009000	1474
1009500	1394
1010000	1416
1010500	1446
1011000	1436
1011500	1356
1012000	1429
1012500	1416
1013000	1431
1013500	1410
1014000	1391
1014500	1387
1015000	1411
1015500	1462
1016000	1329
1016500	1397
1017000	1355
1017500	1416
1018000	1420
1018500	1354
1019000	1344
1019500	1403
1020000	1334
1020500	1303
1021000	1383
1021500	1360
1022000	1344
1022500	1285
1023000	1436
1023500	1215
1024000	1333
1024500	1345
1025000	1327
1025500	1302
1026000	1257
1026500	1328
1027000	1300
1027500	1318
1028000	1268
1028500	1321
1029000	1285
1029500	1338
1030000	1286
1030500	1224
1031000	1191
1031500	1263
1032000	1297
1032500	1240
1033000	1253
1033500	1299
1034000	1252
1034500	1226
1035000	1230
1035500	1207
1036000	1225
1036500	1179
1037000	1271
1037500	1251
1038000	1202
1038500	1208
1039000	1254
1039500	1224
1040000	1227
1040500	1207
1041000	1227
1041500	1253
1042000	1171
1042500	1206
1043000	1229
1043500	1168
1044000	1165
1044500	1201
1045000	1231
1045500	1138
1046000	1217
1046500	1163
1047000	1217
1047500	1161
1048000	1161
1048500	1136
1049000	1165
1049500	1137
1050000	1088
1050500	1126
1051000	1125
1051500	1153
1052000	1149
1052500	1140
1053000	1123
1053500	1148
1054000	1138
1054500	1111
1055000	1081
1055500	1118
1056000	1081
1056500	1134
1057000	1041
1057500	1101
1058000	1120
1058500	1131
1059000	1059
1059500	1133
1060000	1083
1060500	1132
1061000	1073
1061500	1141
1062000	1085
1062500	1053
1063000	1021
1063500	987
1064000	1093
1064500	1070
1065000	1014
1065500	1004
1066000	1056
1066500	1064
1067000	1036
1067500	973
1068000	1024
1068500	1042
1069000	1006
1069500	1031
1070000	1015
1070500	1061
1071000	957
1071500	1007
1072000	1027
1072500	1007
1073000	985
1073500	978
1074000	1044
1074500	1015
1075000	978
1075500	1016
1076000	945
1076500	961
1077000	987
1077500	947
1078000	978
1078500	981
1079000	940
1079500	992
1080000	909
1080500	967
1081000	989
1081500	958
1082000	896
1082500	960
1083000	1008
1083500	941
1084000	1006
1084500	924
1085000	936
1085500	899
1086000	966
1086500	956
1087000	885
1087500	960
1088000	933
1088500	910
1089000	937
1089500	944
1090000	891
1090500	917
1091000	904
1091500	856
1092000	860
1092500	900
1093000	834
1093500	878
1094000	880
1094500	867
1095000	862
1095500	856
1096000	850
1096500	874
1097000	830
1097500	850
1098000	873
1098500	795
1099000	850
1099500	832
1100000	848
1100500	873
1101000	834
1101500	807
1102000	803
1102500	829
1103000	832
1103500	863
1104000	746
1104500	855
1105000	815
1105500	803
1106000	826
1106500	855
1107000	795
1107500	791
1108000	755
1108500	814
1109000	763
1109500	831
1110000	795
1110500	768
1111000	812
1111500	738
1112000	757
1112500	773
1113000	742
1113500	762
1114000	807
1114500	775
1115000	788
1115500	749
1116000	779
1116500	713
1117000	784
1117500	699
1118000	728
1118500	711
1119000	760
1119500	763
1120000	725
1120500	729
1121000	696
1121500	802
1122000	681
1122500	756
1123000	678
1123500	703
1124000	689
1124500	712
1125000	673
1125500	720
1126000	687
1126500	717
1127000	710
1127500	686
1128000	692
1128500	682
1129000	625
1129500	695
1130000	713
1130500	673
1131000	698
1131500	699
1132000	667
1132500	660
1133000	647
1133500	675
1134000	705
1134500	671
1135000	642
1135500	710
1136000	643
1136500	643
1137000	623
1137500	711
1138000	624
1138500	634
1139000	664
1139500	623
1140000	662
1140500	632
1141000	628
1141500	664
1142000	667
1142500	644
1143000	621
1143500	630
1144000	676
1144500	591
1145000	593
1145500	612
1146000	676
1146500	575
1147000	602
1147500	578
1148000	659
1148500	612
1149000	637
1149500	611
1150000	569
1150500	545
1151000	617
1151500	575
1152000	609
1152500	590
1153000	576
1153500	585
1154000	544
1154500	560
1155000	553
1155500	554
1156000	575
1156500	533
1157000	563
1157500	510
1158000	573
1158500	565
1159000	556
1159500	525
1160000	544
1160500	541
1161000	549
1161500	597
1162000	557
1162500	586
1163000	517
1163500	530
1164000	512
1164500	516
1165000	546
1165500	497
1166000	518
1166500	497
1167000	527
1167500	521
1168000	504
1168500	531
1169000	545
1169500	505
1170000	470
1170500	492
1171000	516
1171500	561
1172000	518
1172500	513
1173000	522
1173500	499
1174000	480
1174500	530
1175000	483
1175500	507
1176000	478
1176500	472
1177000	495
1177500	490
1178000	492
1178500	447
1179000	451
1179500	508
1180000	452
1180500	492
1181000	495
1181500	454
1182000	462
1182500	485
1183000	455
1183500	455
1184000	427
1184500	471
1185000	456
1185500	439
1186000	427
1186500	438
1187000	443
1187500	471
1188000	470
1188500	431
1189000	423
1189500	430
1190000	426
1190500	411
1191000	459
1191500	417
1192000	402
1192500	434
1193000	424
1193500	408
1194000	434
1194500	406
1195000	393
1195500	423
1196000	435
1196500	375
1197000	422
1197500	403
1198000	426
1198500	462
1199000	438
1199500	411
1200000	428
1200500	399
1201000	409
1201500	428
1202000	422
1202500	438
1203000	385
1203500	387
1204000	442
1204500	371
1205000	361
1205500	392
1206000	424
1206500	355
1207000	375
1207500	366
1208000	340
1208500	383
1209000	356
1209500	374
1210000	358
1210500	390
1211000	382
1211500	395
1212000	384
1212500	359
1213000	366
1213500	364
1214000	370
1214500	402
1215000	347
1215500	347
1216000	356
1216500	375
1217000	346
1217500	368
1218000	328
1218500	338
1219000	383
1219500	367
1220000	342
1220500	329
1221000	345
1221500	364
1222000	341
1222500	329
1223000	308
1223500	343
1224000	338
1224500	349
1225000	324
1225500	320
1226000	322
1226500	306
1227000	313
1227500	295
1228000	345
1228500	343
1229000	329
1229500	277
1230000	321
1230500	315
1231000	326
1231500	327
1232000	289
1232500	294
1233000	321
1233500	294
1234000	330
1234500	315
1235000	309
1235500	331
1236000	308
1236500	310
1237000	293
1237500	332
1238000	322
1238500	272
1239000	305
1239500	324
1240000	282
1240500	284
1241000	293
1241500	283
1242000	310
1242500	301
1243000	269
1243500	266
1244000	291
1244500	263
1245000	270
1245500	270
1246000	261
1246500	269
1247000	284
1247500	272
1248000	271
1248500	276
1249000	270
1249500	272
1250000	296
1250500	262
1251000	273
1251500	256
1252000	266
1252500	258
1253000	284
1253500	277
1254000	281
1254500	255
1255000	260
1255500	268
1256000	297
1256500	234
1257000	250
1257500	265
1258000	250
1258500	247
1259000	256
1259500	270
1260000	246
1260500	257
1261000	251
1261500	263
1262000	265
1262500	240
1263000	248
1263500	252
1264000	250
1264500	235
1265000	239
1265500	247
1266000	238
1266500	232
1267000	227
1267500	259
1268000	248
1268500	215
1269000	276
1269500	244
1270000	216
1270500	211
1271000	233
1271500	263
1272000	200
1272500	215
1273000	244
1273500	211
1274000	232
1274500	238
1275000	206
1275500	209
1276000	225
1276500	213
1277000	214
1277500	210
1278000	218
1278500	230
1279000	214
1279500	225
1280000	229
1280500	197
1281000	251
1281500	232
1282000	197
1282500	219
1283000	211
1283500	189
1284000	209
1284500	240
1285000	205
1285500	215
1286000	216
1286500	209
1287000	210
1287500	181
1288000	195
1288500	219
1289000	186
1289500	168
1290000	205
1290500	192
1291000	182
1291500	213
1292000	174
1292500	191
1293000	208
1293500	190
1294000	204
1294500	179
1295000	200
1295500	174
1296000	175
1296500	191
1297000	159
1297500	188
1298000	175
1298500	182
1299000	184
1299500	182
1300000	209
1300500	155
1301000	184
1301500	190
1302000	186
1302500	182
1303000	169
1303500	171
1304000	178
1304500	194
1305000	187
1305500	214
1306000	150
1306500	179
1307000	158
1307500	194
1308000	176
1308500	171
1309000	160
1309500	198
1310000	167
1310500	158
1311000	154
1311500	177
1312000	160
1312500	165
1313000	159
1313500	145
1314000	171
1314500	172
1315000	130
1315500	166
1316000	165
1316500	152
1317000	165
1317500	148
1318000	150
1318500	175
1319000	147
1319500	141
1320000	158
1320500	126
1321000	142
1321500	156
1322000	164
1322500	135
1323000	164
1323500	163
1324000	147
1324500	138
1325000	138
1325500	133
1326000	169
1326500	166
1327000	121
1327500	181
1328000	137
1328500	147
1329000	150
1329500	140
1330000	133
1330500	142
1331000	146
1331500	147
1332000	138
1332500	141
1333000	140
1333500	113
1334000	146
1334500	137
1335000	132
1335500	123
1336000	130
1336500	125
1337000	129
1337500	128
1338000	149
1338500	127
1339000	150
1339500	135
1340000	140
1340500	146
1341000	118
1341500	136
1342000	116
1342500	132
1343000	121
1343500	116
1344000	128
1344500	126
1345000	120
1345500	124
1346000	111
1346500	119
1347000	127
1347500	134
1348000	118
1348500	119
1349000	123
1349500	115
1350000	104
1350500	109
1351000	134
1351500	115
1352000	144
1352500	107
1353000	121
1353500	103
1354000	133
1354500	118
1355000	111
1355500	129
1356000	123
1356500	119
1357000	114
1357500	101
1358000	106
1358500	112
1359000	121
1359500	99
1360000	108
1360500	109
1361000	108
1361500	109
1362000	118
1362500	119
1363000	103
1363500	117
1364000	110
1364500	89
1365000	101
1365500	103
1366000	93
1366500	115
1367000	83
1367500	88
1368000	109
1368500	106
1369000	105
1369500	106
1370000	94
1370500	91
1371000	110
1371500	96
1372000	103
1372500	96
1373000	91
1373500	119
1374000	98
1374500	100
1375000	104
1375500	92
1376000	99
1376500	88
1377000	99
1377500	99
1378000	92
1378500	111
1379000	88
1379500	107
1380000	86
1380500	94
1381000	78
1381500	86
1382000	81
1382500	73
1383000	79
1383500	79
1384000	76
1384500	83
1385000	98
1385500	98
1386000	74
1386500	87
1387000	75
1387500	85
1388000	81
1388500	91
1389000	85
1389500	79
1390000	82
1390500	81
1391000	83
1391500	76
1392000	93
1392500	86
1393000	71
1393500	92
1394000	68
1394500	100
1395000	77
1395500	64
1396000	101
1396500	74
1397000	86
1397500	82
1398000	75
1398500	81
1399000	88
1399500	83
1400000	77
1400500	77
1401000	73
1401500	80
1402000	79
1402500	82
1403000	78
1403500	71
1404000	77
1404500	68
1405000	60
1405500	80
1406000	73
1406500	66
1407000	74
1407500	68
1408000	72
1408500	76
1409000	68
1409500	66
1410000	71
1410500	82
1411000	64
1411500	74
1412000	73
1412500	58
1413000	63
1413500	73
1414000	67
1414500	54
1415000	57
1415500	80
1416000	67
1416500	61
1417000	42
1417500	64
1418000	66
1418500	66
1419000	79
1419500	66
1420000	77
1420500	74
1421000	62
1421500	70
1422000	66
1422500	60
1423000	58
1423500	72
1424000	56
1424500	65
1425000	68
1425500	64
1426000	72
1426500	71
1427000	48
1427500	56
1428000	63
1428500	65
1429000	52
1429500	64
1430000	58
1430500	53
1431000	58
1431500	54
1432000	52
1432500	53
1433000	67
1433500	59
1434000	66
1434500	60
1435000	59
1435500	65
1436000	53
1436500	58
1437000	56
1437500	55
1438000	42
1438500	58
1439000	54
1439500	53
1440000	64
1440500	65
1441000	51
1441500	56
1442000	59
1442500	56
1443000	46
1443500	53
1444000	64
1444500	57
1445000	54
1445500	53
1446000	43
1446500	50
1447000	56
1447500	50
1448000	56
1448500	56
1449000	41
1449500	48
1450000	44
1450500	42
1451000	49
1451500	43
1452000	47
1452500	32
1453000	46
1453500	34
1454000	41
1454500	44
1455000	65
1455500	52
1456000	47
1456500	38
1457000	41
1457500	52
1458000	38
1458500	53
1459000	50
1459500	49
1460000	37
1460500	39
1461000	41
1461500	40
1462000	38
1462500	44
1463000	44
1463500	39
1464000	49
1464500	39
1465000	53
1465500	39
1466000	34
1466500	30
1467000	36
1467500	52
1468000	52
1468500	60
1469000	42
1469500	36
1470000	44
1470500	33
1471000	47
1471500	44
1472000	37
1472500	35
1473000	45
1473500	45
1474000	41
1474500	23
1475000	45
1475500	35
1476000	44
1476500	42
1477000	43
1477500	40
1478000	35
1478500	34
1479000	26
1479500	37
1480000	35
1480500	32
1481000	30
1481500	33
1482000	46
1482500	37
1483000	36
1483500	38
1484000	42
1484500	38
1485000	32
1485500	31
1486000	36
1486500	35
1487000	30
1487500	30
1488000	29
1488500	31
1489000	39
1489500	33
1490000	40
1490500	22
1491000	32
1491500	35
1492000	31
1492500	26
1493000	30
1493500	20
1494000	31
1494500	24
1495000	34
1495500	32
1496000	23
1496500	37
1497000	28
1497500	29
1498000	26
1498500	42
1499000	30
1499500	29
1500000	26
1500500	27
1501000	36
1501500	28
1502000	26
1502500	33
1503000	35
1503500	19
1504000	34
1504500	23
1505000	31
1505500	27
1506000	25
1506500	26
1507000	30
1507500	30
1508000	23
1508500	35
1509000	22
1509500	29
1510000	19
1510500	25
1511000	21
1511500	27
1512000	14
1512500	29
1513000	20
1513500	27
1514000	34
1514500	19
1515000	19
1515500	26
1516000	31
1516500	17
1517000	29
1517500	21
1518000	20
1518500	23
1519000	21
1519500	25
1520000	23
1520500	17
1521000	25
1521500	14
1522000	25
1522500	18
1523000	19
1523500	22
1524000	15
1524500	21
1525000	26
1525500	20
1526000	21
1526500	22
1527000	16
1527500	17
1528000	27
1528500	19
1529000	25
1529500	15
1530000	22
1530500	13
1531000	15
1531500	29
1532000	25
1532500	21
1533000	32
1533500	20
1534000	18
1534500	11
1535000	22
1535500	13
1536000	29
1536500	18
1537000	17
1537500	23
1538000	11
1538500	14
1539000	18
1539500	14
1540000	23
1540500	23
1541000	19
1541500	23
1542000	27
1542500	9
1543000	12
1543500	12
1544000	20
1544500	14
1545000	17
1545500	16
1546000	18
1546500	15
1547000	14
1547500	15
1548000	17
1548500	21
1549000	14
1549500	8
1550000	11
1550500	18
1551000	11
1551500	12
1552000	18
1552500	12
1553000	14
1553500	11
1554000	18
1554500	19
1555000	20
1555500	9
1556000	14
1556500	11
1557000	21
1557500	19
1558000	11
1558500	20
1559000	7
1559500	15
1560000	7
1560500	13
1561000	16
1561500	18
1562000	14
1562500	15
1563000	11
1563500	10
1564000	11
1564500	21
1565000	12
1565500	17
1566000	14
1566500	9
1567000	10
1567500	16
1568000	16
1568500	15
1569000	17
1569500	19
1570000	12
1570500	12
1571000	10
1571500	12
1572000	14
1572500	14
1573000	9
1573500	11
1574000	14
1574500	7
1575000	11
1575500	7
1576000	11
1576500	10
1577000	10
1577500	18
1578000	13
1578500	14
1579000	7
1579500	9
1580000	11
1580500	17
1581000	6
1581500	10
1582000	16
1582500	5
1583000	9
1583500	12
1584000	7
1584500	16
1585000	11
1585500	9
1586000	11
1586500	10
1587000	9
1587500	8
1588000	13
1588500	11
1589000	16
1589500	15
1590000	8
1590500	6
1591000	6
1591500	17
1592000	13
1592500	14
1593000	11
1593500	5
1594000	15
1594500	7
1595000	10
1595500	5
1596000	13
1596500	5
1597000	11
1597500	8
1598000	10
1598500	13
1599000	15
1599500	8
1600000	9
1600500	8
1601000	11
1601500	10
1602000	4
1602500	8
1603000	10
1603500	14
1604000	9
1604500	9
1605000	10
1605500	7
1606000	7
1606500	10
1607000	10
1607500	8
1608000	5
1608500	12
1609000	12
1609500	8
1610000	9
1610500	9
1611000	4
1611500	11
1612000	5
1612500	2
1613000	5
1613500	2
1614000	8
1614500	12
1615000	5
1615500	4
1616000	9
1616500	9
1617000	5
1617500	7
1618000	10
1618500	4
1619000	7
1619500	3
1620000	5
1620500	13
1621000	10
1621500	7
1622000	9
1622500	5
1623000	10
1623500	5
1624000	4
1624500	8
1625000	3
1625500	5
1626000	7
1626500	10
1627000	12
1627500	5
1628000	8
1628500	5
1629000	8
1629500	4
1630000	2
1630500	9
1631000	4
1631500	7
1632000	7
1632500	7
1633000	8
1633500	6
1634000	2
1634500	9
1635000	4
1635500	5
1636000	4
1636500	6
1637000	5
1637500	9
1638000	7
1638500	5
1639000	6
1639500	4
1640000	6
1640500	4
1641000	10
1641500	4
1642000	6
1642500	6
1643000	6
1643500	9
1644000	5
1644500	8
1645000	2
1645500	9
1646000	6
1646500	3
1647000	1
1647500	6
1648000	3
1648500	7
1649000	5
1649500	6
1650000	5
1650500	6
1651000	3
1651500	6
1652000	6
1652500	6
1653000	4
1653500	3
1654000	5
1654500	5
1655000	9
1655500	9
1656000	6
1656500	5
1657000	6
1657500	7
1658000	6
1658500	5
1659000	8
1659500	7
1660000	7
1660500	4
1661000	3
1661500	4
1662000	2
1662500	6
1663000	3
1663500	5
1664000	4
1664500	3
1665000	1
1665500	1
1666000	3
1666500	3
1667000	2
1667500	1
1668000	2
1668500	5
1669000	8
1669500	3
1670000	8
1670500	5
1671000	2
1671500	3
1672000	4
1672500	1
1673000	4
1673500	4
1674000	4
1674500	4
1675000	3
1675500	4
1676000	2
1676500	3
1677000	2
1677500	1
1678000	5
1678500	5
1679000	8
1679500	4
1680000	3
1680500	2
1681000	2
1681500	4
1682000	8
1682500	1
1683000	1
1683500	2
1684000	8
1684500	4
1685000	3
1685500	5
1686000	1
1686500	1
1687000	2
1687500	2
1688000	3
1688500	5
1689000	2
1690000	1
1690500	1
1691000	4
1691500	3
1692000	4
1692500	4
1693000	3
1693500	10
1694000	3
1694500	1
1695000	1
1695500	5
1696000	2
1696500	3
1697000	3
1697500	8
1698000	2
1698500	3
1699000	4
1699500	6
1700000	2
1700500	2
1701000	6
1701500	2
1702000	2
1702500	3
1703000	5
1703500	3
1704000	4
1704500	5
1705000	2
1705500	4
1706000	3
1706500	1
1707000	1
1707500	4
1708000	5
1708500	4
1709000	2
1709500	1
1710000	3
1710500	4
1711000	2
1711500	5
1712000	2
1712500	3
1713000	4
1713500	1
1714000	3
1714500	2
1715000	2
1716000	1
1716500	3
1717000	2
1718000	5
1719000	4
1719500	1
1720000	3
1720500	4
1721000	4
1721500	2
1722000	2
1722500	3
1723000	7
1723500	1
1724000	5
1724500	1
1725000	2
1726000	4
1726500	4
1727000	4
1727500	1
1728000	2
1728500	1
1729500	1
1730000	5
1730500	1
1731000	2
1731500	2
1732000	3
1732500	1
1733000	1
1733500	2
1734500	1
1735000	2
1735500	2
1736000	2
1736500	3
1737000	3
1738000	3
1739000	1
1740000	3
1740500	1
1741000	1
1741500	3
1742000	2
1742500	1
1743000	3
1745000	2
1745500	3
1746500	5
1747000	4
1747500	2
1748000	1
1748500	5
1749500	2
1750000	2
1750500	4
1751500	1
1752500	3
1753000	4
1753500	2
1754000	1
1755000	1
1755500	1
1756000	3
1756500	3
1757000	2
1757500	2
1758000	5
1759000	2
1760000	3
1760500	2
1761000	1
1762000	2
1762500	1
1763000	1
1763500	1
1764000	1
1764500	2
1765000	1
1766000	3
1766500	2
1767000	1
1768500	3
1770500	2
1771000	2
1771500	1
1772000	2
1772500	1
1773000	3
1773500	1
1774000	1
1774500	1
1775000	3
1775500	2
1776000	2
1776500	2
1777000	2
1777500	1
1778000	2
1778500	2
1779000	3
1779500	1
1780500	4
1782000	2
1782500	5
1783000	3
1783500	7
1784000	1
1784500	1
1785500	2
1786000	1
1786500	1
1787000	2
1787500	1
1788000	2
1788500	2
1789000	1
1789500	1
1790000	2
1791000	5
1791500	2
1792000	1
1792500	2
1793000	1
1793500	5
1794000	2
1794500	2
1795000	4
1796500	3
1797000	1
1799000	5
1799500	3
1800000	3
1800500	1
1801000	2
1802000	1
1802500	1
1803000	3
1803500	2
1804000	1
1806000	3
1807000	2
1807500	1
1808500	2
1809500	1
1810000	1
1811500	1
1812000	1
1812500	1
1813000	2
1815000	1
1816500	2
1817000	1
1818500	2
1819000	1
1819500	2
1820000	1
1820500	1
1821000	1
1822000	3
1822500	1
1823500	1
1824500	2
1825000	1
1825500	2
1826000	1
1826500	1
1828000	1
1829500	1
1830000	1
1830500	1
1831000	1
1832000	2
1832500	1
1834000	4
1834500	2
1836000	1
1837000	2
1838000	1
1839000	3
1839500	1
1841000	1
1842000	2
1843000	2
1843500	1
1844000	2
1844500	1
1845000	1
1845500	1
1848000	1
1849000	2
1849500	1
1855000	3
1856000	1
1856500	2
1857500	2
1858500	2
1859000	4
1859500	1
1860500	2
1861000	3
1861500	1
1862000	2
1862500	2
1863000	1
1864000	1
1864500	3
1865000	1
1865500	1
1866000	1
1866500	3
1867000	1
1867500	1
1868500	2
1869000	1
1869500	2
1870000	1
1870500	1
1871000	1
1872000	1
1874000	1
1874500	2
1875000	2
1875500	3
1876500	2
1877000	1
1877500	1
1879000	2
1879500	3
1880000	1
1880500	1
1881000	1
1882500	1
1883000	2
1883500	1
1884500	2
1885000	1
1885500	2
1886000	1
1886500	1
1887500	1
1888000	1
1889000	1
1889500	1
1890500	2
1891500	1
1892000	3
1892500	3
1893000	1
1893500	1
1894000	1
1895000	1
1895500	1
1897000	1
1897500	2
1898000	3
1898500	1
1899000	2
1900000	1
1901500	1
1902000	1
1902500	1
1903000	1
1904000	1
1904500	1
1905000	2
1906000	1
1907000	2
1907500	1
1910000	1
1910500	2
1911000	3
1911500	2
1912000	1
1913500	1
1914000	2
1914500	1
1915000	1
1916000	5
1916500	2
1917000	1
1917500	2
1918500	1
1919000	2
1919500	2
1921000	1
1923000	3
1923500	1
1924500	2
1925500	2
1927000	2
1928500	3
1929000	2
1929500	2
1930500	2
1931000	1
1932500	1
1933000	1
1934500	1
1935000	1
1935500	1
1936500	2
1937000	1
1937500	1
1938000	2
1938500	1
1939500	1
1940500	1
1941500	1
1943000	2
1944000	1
1944500	1
1945000	1
1946000	2
1946500	1
1947000	1
1947500	1
1948500	1
1951000	1
1952000	1
1952500	1
1953000	1
1953500	1
1954000	1
1954500	1
1955000	1
1956500	1
1957000	2
1957500	1
1958000	1
1958500	1
1959500	1
1960000	1
1960500	2
1962000	2
1962500	1
1963500	1
1964000	1
1969000	2
1971000	1
1972500	1
1974000	1
1976000	1
1977500	1
1978500	1
1979000	1
1979500	2
1980000	2
1980500	1
1982000	1
1983000	1
1984000	2
1985000	1
1985500	1
1986000	1
1988500	2
1990500	2
1992000	2
1992500	1
1993000	2
1993500	1
1994000	2
1995000	2
1995500	1
1996500	3
1997000	2
1997500	1
1998000	2
1999000	1
1999500	2
2000000	1
2001500	3
2002000	1
2002500	2
2003000	1
2006000	1
2007000	1
2007500	1
2008500	2
2009000	1
2009500	1
2010000	3
2010500	1
2012000	3
2012500	1
2013500	2
2014500	1
2016000	2
2017500	1
2019000	1
2019500	4
2020000	2
2021500	1
2022000	1
2022500	1
2023000	1
2023500	1
2024000	1
2024500	2
2025000	2
2025500	3
2026000	1
2026500	1
2027000	1
2028000	2
2029000	1
2029500	2
2030000	1
2030500	2
2031000	1
2031500	1
2032500	1
2033000	3
2034000	2
2034500	2
2035000	2
2036000	2
2036500	2
2037000	1
2037500	1
2038500	1
2039500	1
2040000	2
2040500	2
2041000	2
2041500	1
2042000	1
2042500	1
2043000	2
2044500	1
2046500	2
2047000	1
2047500	2
2048000	3
2048500	1
2051000	2
2051500	2
2052000	2
2053000	1
2053500	2
2054000	1
2055000	3
2056000	2
2057000	1
2057500	1
2058000	1
2058500	1
2060000	1
2060500	1
2063000	2
2064000	2
2066500	2
2067000	2
2067500	1
2068000	1
2069000	3
2069500	2
2070000	1
2070500	1
2071000	2
2071500	2
2072000	2
2072500	1
2073000	1
2074000	1
2074500	1
2075000	4
2077000	3
2078000	3
2080500	1
2081000	2
2081500	1
2082500	2
2083000	1
2083500	3
2084000	2
2084500	3
2085000	2
2085500	2
2087000	4
2087500	2
2088000	2
2088500	1
2089000	1
2090000	1
2090500	1
2091000	1
2091500	1
2092000	2
2093000	2
2093500	5
2094000	1
2094500	1
2095000	2
2095500	2
2096000	1
2096500	1
2097000	2
2097500	1
2098000	2
2098500	1
2099000	2
2099500	1
2100500	2
2101000	4
2101500	2
2102000	2
2102500	1
2103000	1
2104500	3
2105500	2
2106500	2
2107000	2
2107500	3
2108000	1
2108500	1
2109000	2
2109500	1
2110000	2
2111000	4
2111500	2
2112500	1
2113000	1
2114500	2
2115000	1
2116000	1
2116500	1
2117000	3
2117500	2
2118500	1
2119500	1
2120000	1
2120500	3
2121500	1
2122000	1
2122500	2
2123000	2
2123500	1
2124500	1
2125000	1
2126000	1
2126500	1
2127000	3
2128000	1
2128500	2
2129000	2
2129500	1
2130500	2
2131000	1
2132000	2
2132500	1
2133000	2
2133500	4
2134000	1
2134500	2
2135500	2
2136000	3
2137000	1
2138000	1
2138500	3
2139000	1
2139500	1
2140500	2
2141000	2
2141500	1
2142000	1
2142500	3
2143000	3
2143500	2
2144000	2
2144500	1
2146000	1
2146500	1
2147000	3
2147500	1
2148000	3
2149000	2
2149500	2
2150500	1
2152000	1
2152500	1
2153000	5
2153500	1
2154000	3
2154500	1
2155000	1
2156500	1
2157500	1
2158000	1
2159000	1
2161000	1
2161500	1
2162500	1
2164000	1
2164500	2
2165500	2
2166500	1
2168500	1
2169000	1
2170000	1
2171000	2
2172000	1
2173000	1
2173500	1
2174000	2
2177000	1
2177500	2
2178500	2
2181500	2
2184000	1
2184500	2
2186500	1
2187500	1
2188000	1
2193000	1
2193500	1
2194500	1
2195500	1
2197000	1
2197500	1
2198500	1
2199000	1
2199500	1
2203000	1
2204500	1
2207000	1
2207500	1
2211000	2
2211500	1
2214000	2
2216000	1
2216500	1
2218500	1
2222000	3
2223000	1
2224000	1
2225000	2
2226000	3
2226500	1
2227500	1
2228500	2
2229000	1
2230500	1
2232000	2
2232500	2
2233000	2
2233500	1
2238000	1
2239000	2
2242000	1
2245500	1
2246500	1
2247000	1
2247500	1
2248000	1
2248500	1
2250000	2
2252500	1
2253500	1
2254500	1
2255000	1
2256000	1
2257000	1
2258500	1
2259500	1
2261000	1
2262000	1
2262500	1
2264000	1
2264500	1
2265500	1
2267000	1
2268500	1
2270000	1
2271000	1
2272500	1
2273500	1
2274500	1
2275500	1
2276000	2
2277000	2
2277500	1
2278500	1
2279500	2
2282000	1
2289500	1
2290000	1
2290500	1
2291000	1
2293500	2
2294000	1
2295000	1
2295500	1
2297000	2
2300000	2
2301000	1
2301500	1
2303500	1
2304000	1
2305000	1
2310000	1
2310500	1
2311000	2
2312000	1
2312500	1
2314000	1
2314500	1
2315000	1
2316000	1
2316500	1
2317500	3
2318000	2
2318500	1
2321000	1
2322500	2
2324000	1
2325000	2
2326000	2
2328500	1
2330000	1
2330500	2
2331500	1
2336500	1
2337000	1
2340500	1
2342500	1
2343000	2
2343500	1
2344000	1
2345000	1
2346500	1
2349000	1
2349500	1
2350500	1
2352500	1
2354000	2
2354500	1
2355000	1
2355500	1
2356000	2
2356500	1
2357500	2
2359000	1
2361000	1
2362500	1
2363500	1
2364000	1
2364500	1
2365000	1
2365500	4
2367500	2
2369000	1
2369500	2
2370000	1
2370500	1
2371000	1
2372000	2
2374000	1
2374500	1
2375000	1
2376500	2
2379000	2
2380000	1
2381500	1
2383000	1
2383500	2
2384000	1
2385000	1
2385500	2
2386000	3
2387000	1
2388000	1
2388500	1
2391500	1
2392000	2
2393000	2
2393500	1
2394000	1
2396000	1
2396500	1
2398500	1
2399500	2
2401500	2
2403500	2
2404500	1
2406000	1
2407000	2
2407500	1
2408000	2
2410000	1
2413000	1
2413500	1
2415000	3
2415500	1
2416000	1
2417000	1
2418500	1
2420000	1
2423000	2
2424000	1
2425500	1
2426500	2
2427000	1
2428000	2
2431000	1
2432000	1
2432500	1
2435000	1
2435500	4
2436000	1
2438000	1
2439000	1
2439500	1
2440500	1
2441000	1
2441500	2
2444000	1
2444500	1
2445000	1
2446000	1
2446500	1
2447000	1
2447500	1
2448500	1
2449000	1
2449500	1
2450000	1
2451000	1
2452000	2
2452500	1
2453000	1
2453500	1
2455000	1
2455500	1
2457000	2
2458500	1
2459500	1
2460000	1
2461000	1
2464000	1
2466000	1
2466500	1
2467500	1
2468000	1
2468500	1
2470000	1
2472500	1
2473500	1
2474000	1
2474500	1
2475000	1
2475500	1
2477500	2
2479500	3
2480000	2
2481000	1
2481500	1
2482500	1
2483000	1
2484500	1
2485000	1
2486500	1
2487500	2
2488000	3
2488500	1
2491000	1
2491500	1
2493000	1
2493500	1
2494000	1
2494500	1
2496500	2
2497000	1
2497500	1
2498000	1
2499500	1
2500000	1
2501000	1
2502000	1
2504500	2
2505000	1
2505500	1
2506000	1
2506500	1
2507500	1
2508500	1
2509000	1
2509500	1
2510000	2
2511000	2
2511500	2
2517500	1
2518500	1
2520000	1
2520500	2
2521500	2
2523000	2
2527000	1
2528000	1
2529000	1
2530000	1
2530500	1
2537000	1
2539000	1
2540500	1
2541000	1
2542500	2
2545500	1
2548000	1
2548500	1
2549000	1
2549500	2
2552500	2
2553000	1
2553500	1
2554500	1
2556000	1
2558000	1
2561000	1
2561500	1
2562000	1
2563500	2
2564000	1
2564500	1
2567500	1
2568000	1
2570500	1
2572000	1
2573000	1
2574000	2
2576000	3
2576500	1
2577000	1
2578000	1
2578500	1
2580000	1
2581500	1
2585500	4
2586000	1
2587500	1
2588000	1
2588500	1
2590000	2
2591000	2
2593000	1
2594000	1
2594500	1
2595500	1
2596500	1
2598000	1
2599000	2
2601000	1
2601500	1
2602000	1
2603500	1
2604000	1
2605500	1
2607000	1
2607500	1
2611500	1
2612000	2
2613000	2
2614000	1
2616000	1
2616500	1
2617000	1
2618000	1
2618500	1
2619500	1
2620500	2
2623000	1
2623500	2
2624500	2
2625000	1
2626000	1
2627000	2
2628000	2
2628500	1
2629000	2
2629500	1
2630000	1
2630500	1
2631500	2
2632000	1
2632500	1
2633000	1
2633500	1
2634500	2
2637000	2
2638500	1
2639000	1
2639500	1
2640500	1
2642000	1
2642500	1
2644500	1
2645000	2
2645500	1
2648000	1
2649500	1
2650500	1
2651000	1
2651500	1
2652000	1
2652500	1
2655000	1
2658000	1
2661000	1
2661500	1
2662500	2
2663000	1
2664000	1
2665000	1
2665500	2
2666000	1
2667000	1
2667500	1
2668500	1
2669000	1
2669500	1
2670500	1
2671500	1
2672000	1
2673500	1
2674000	1
2674500	1
2675000	2
2675500	1
2676000	1
2676500	2
2677000	2
2677500	1
2681000	1
2681500	1
2684000	2
2685000	1
2685500	1
2686500	1
2687000	1
2688500	1
2689000	1
2689500	1
2690000	1
2693000	1
2695000	2
2696500	1
2697000	2
2698000	1
2699500	2
2700500	4
2701000	3
2701500	1
2702500	1
2703500	3
2704000	2
2705000	4
2705500	1
2706500	2
2707500	2
2708500	2
2709000	2
2709500	1
2710000	2
2712000	2
2713000	2
2714000	1
2714500	2
2716000	3
2716500	1
2717000	3
2719500	1
2720000	2
2721500	1
2722000	2
2722500	1
2723000	2
2723500	1
2725000	2
2726500	3
2729000	1
2730000	2
2730500	1
2731000	2
2732500	2
2733000	1
2733500	1
2734000	1
2734500	1
2735000	1
2735500	2
2736000	1
2736500	3
2737000	1
2737500	1
2738000	2
2738500	2
2739500	3
2740500	1
2742000	2
2742500	1
2743500	1
2744000	4
2745000	1
2745500	2
2746000	1
2746500	2
2747000	1
2747500	3
2750000	2
2751000	1
2751500	1
2754500	2
2755000	2
2755500	1
2756000	3
2756500	1
2757000	1
2757500	3
2758000	2
2758500	1
2759000	1
2759500	2
2760000	2
2761000	2
2761500	1
2762000	1
2764000	1
2765000	2
2765500	1
2766500	2
2767500	1
2768000	1
2768500	1
2769000	3
2769500	1
2770000	2
2770500	1
2771000	2
2771500	1
2772000	1
2772500	3
2773000	1
2773500	4
2774000	4
2775000	4
2775500	3
2776000	1
2776500	1
2777000	2
2778000	1
2778500	2
2779500	2
2780000	2
2780500	1
2781500	1
2782000	3
2782500	2
2783000	1
2784000	2
2784500	1
2785000	3
2785500	2
2786000	3
2787000	2
2787500	2
2788000	1
2788500	1
2789000	2
2789500	1
2790000	1
2790500	4
2791000	1
2792000	2
2793000	2
2793500	2
2794000	1
2796000	1
2797000	2
2797500	3
2799000	2
2799500	2
2800000	1
2800500	1
2801500	3
2802000	3
2802500	3
2803500	4
2804000	1
2804500	1
2806500	1
2807500	1
2808000	2
2809000	1
2809500	1
2810000	3
2811000	2
2812500	2
2813000	3
2814000	1
2814500	1
2815500	2
2816500	1
2817500	1
2818000	1
2818500	2
2819500	2
2820000	2
2820500	3
2821000	1
2822000	1
2823500	1
2824000	1
2824500	1
2825000	2
2825500	1
2826000	1
2827000	1
2827500	1
2828000	2
2829500	1
2830000	1
2832000	1
2832500	1
2833500	1
2834000	1
2834500	1
2836000	1
2836500	2
2837000	2
2841500	1
2844500	1
2845500	1
2847000	1
2848500	1
2850000	1
2850500	1
2851500	1
2852500	1
2858000	1
2858500	2
2860000	2
2860500	2
2862000	1
2864500	2
2866000	1
2872500	1
2873000	1
2875000	1
2876000	1
2876500	1
2879000	1
2879500	1
2880500	1
2881500	1
2886000	1
2888500	1
2892000	1
2893500	2
2894000	1
2897500	1
2898500	2
2899000	2
2903000	1
2903500	1
2910000	1
2915000	2
2915500	1
2916500	1
2919500	1
2921000	1
2924000	1
2924500	1
2931500	1
2932500	1
2935000	1
2938500	1
2945500	1
2947500	1
2951500	1
2954500	1
2968500	1
2973000	1
2979000	2
2995000	2
3000000	1
3009000	1
3009500	1
3010000	1
3020500	2
3024000	1
3027500	1
3028500	1
3039500	1
3047000	1
3055500	1
3078500	1
3097500	1
3109000	1
3138000	1
3145000	1
3157500	1
3187000	1
3193000	2
3237000	1
3246000	1
