# CHIME Latency Histogram - Range
# Bucket size: 500 ns
# Total samples: 1500000
# Format: latency_ns	count
53000	1
53500	2
55000	1
56500	1
57500	1
58500	1
59000	2
60500	4
61000	2
61500	4
62000	4
62500	4
63000	10
63500	9
64000	6
64500	6
65000	11
65500	12
66000	12
66500	16
67000	16
67500	18
68000	15
68500	23
69000	24
69500	23
70000	26
70500	33
71000	40
71500	40
72000	44
72500	40
73000	40
73500	66
74000	59
74500	76
75000	57
75500	64
76000	56
76500	71
77000	84
77500	87
78000	90
78500	93
79000	97
79500	111
80000	132
80500	130
81000	113
81500	130
82000	120
82500	152
83000	168
83500	159
84000	167
84500	146
85000	167
85500	175
86000	189
86500	197
87000	192
87500	199
88000	215
88500	228
89000	214
89500	255
90000	243
90500	250
91000	243
91500	270
92000	270
92500	297
93000	317
93500	331
94000	312
94500	337
95000	358
95500	309
96000	382
96500	408
97000	363
97500	376
98000	412
98500	424
99000	402
99500	400
100000	438
100500	435
101000	459
101500	473
102000	470
102500	456
103000	471
103500	495
104000	538
104500	544
105000	537
105500	543
106000	576
106500	540
107000	581
107500	574
108000	599
108500	615
109000	587
109500	595
110000	602
110500	632
111000	568
111500	648
112000	647
112500	666
113000	640
113500	659
114000	682
114500	697
115000	654
115500	739
116000	692
116500	702
117000	678
117500	664
118000	691
118500	647
119000	634
119500	652
120000	712
120500	682
121000	661
121500	696
122000	708
122500	723
123000	716
123500	725
124000	745
124500	722
125000	689
125500	714
126000	710
126500	683
127000	718
127500	723
128000	736
128500	772
129000	725
129500	730
130000	731
130500	696
131000	779
131500	746
132000	750
132500	735
133000	791
133500	786
134000	721
134500	777
135000	779
135500	763
136000	785
136500	719
137000	783
137500	750
138000	792
138500	824
139000	788
139500	797
140000	781
140500	794
141000	840
141500	817
142000	843
142500	836
143000	782
143500	862
144000	830
144500	860
145000	814
145500	848
146000	879
146500	828
147000	913
147500	838
148000	860
148500	851
149000	870
149500	883
150000	876
150500	880
151000	908
151500	887
152000	868
152500	889
153000	846
153500	878
154000	849
154500	924
155000	903
155500	932
156000	932
156500	907
157000	911
157500	945
158000	926
158500	946
159000	931
159500	950
160000	1020
160500	986
161000	980
161500	999
162000	985
162500	1009
163000	1025
163500	978
164000	938
164500	1011
165000	942
165500	952
166000	1023
166500	975
167000	1058
167500	983
168000	1012
168500	923
169000	1022
169500	962
170000	998
170500	990
171000	957
171500	1046
172000	996
172500	947
173000	997
173500	957
174000	994
174500	1043
175000	1027
175500	1030
176000	1002
176500	982
177000	999
177500	1020
178000	1017
178500	994
179000	1028
179500	947
180000	967
180500	971
181000	980
181500	1022
182000	946
182500	930
183000	999
183500	1027
184000	974
184500	993
185000	1010
185500	999
186000	998
186500	1016
187000	1018
187500	944
188000	978
188500	969
189000	976
189500	965
190000	991
190500	930
191000	937
191500	971
192000	953
192500	976
193000	962
193500	1032
194000	1010
194500	970
195000	991
195500	972
196000	941
196500	933
197000	911
197500	937
198000	950
198500	979
199000	949
199500	967
200000	976
200500	951
201000	1009
201500	993
202000	960
202500	954
203000	947
203500	974
204000	947
204500	941
205000	951
205500	972
206000	976
206500	936
207000	972
207500	964
208000	957
208500	1003
209000	948
209500	981
210000	1019
210500	1010
211000	952
211500	1024
212000	998
212500	1027
213000	995
213500	1019
214000	1011
214500	1037
215000	1079
215500	1058
216000	1012
216500	1031
217000	1090
217500	1111
218000	1077
218500	1016
219000	1054
219500	1090
220000	1066
220500	1046
221000	1057
221500	1145
222000	1151
222500	1139
223000	1180
223500	1126
224000	1151
224500	1188
225000	1110
225500	1192
226000	1179
226500	1219
227000	1217
227500	1256
228000	1222
228500	1228
229000	1186
229500	1250
230000	1240
230500	1272
231000	1272
231500	1287
232000	1311
232500	1310
233000	1278
233500	1306
234000	1321
234500	1372
235000	1405
235500	1377
236000	1355
236500	1458
237000	1407
237500	1415
238000	1432
238500	1429
239000	1458
239500	1440
240000	1448
240500	1437
241000	1526
241500	1506
242000	1500
242500	1550
243000	1568
243500	1521
244000	1532
244500	1497
245000	1579
245500	1619
246000	1592
246500	1613
247000	1583
247500	1569
248000	1696
248500	1626
249000	1614
249500	1635
250000	1671
250500	1740
251000	1678
251500	1729
252000	1720
252500	1792
253000	1698
253500	1830
254000	1831
254500	1897
255000	1894
255500	1870
256000	1803
256500	1909
257000	1835
257500	1932
258000	1920
258500	1933
259000	1964
259500	1914
260000	1971
260500	1937
261000	1917
261500	1976
262000	1880
262500	2032
263000	2033
263500	2100
264000	2062
264500	2072
265000	2064
265500	2124
266000	2035
266500	2127
267000	2104
267500	2124
268000	2151
268500	2137
269000	2193
269500	2120
270000	2199
270500	2232
271000	2277
271500	2264
272000	2215
272500	2291
273000	2232
273500	2254
274000	2315
274500	2234
275000	2363
275500	2385
276000	2408
276500	2375
277000	2372
277500	2350
278000	2373
278500	2380
279000	2356
279500	2347
280000	2477
280500	2381
281000	2430
281500	2458
282000	2531
282500	2558
283000	2463
283500	2516
284000	2465
284500	2425
285000	2584
285500	2491
286000	2572
286500	2539
287000	2532
287500	2529
288000	2532
288500	2664
289000	2678
289500	2566
290000	2659
290500	2566
291000	2571
291500	2701
292000	2690
292500	2765
293000	2704
293500	2732
294000	2716
294500	2749
295000	2751
295500	2667
296000	2740
296500	2734
297000	2748
297500	2825
298000	2728
298500	2790
299000	2815
299500	2847
300000	2723
300500	2833
301000	2764
301500	2770
302000	2800
302500	2867
303000	2751
303500	2874
304000	2856
304500	2849
305000	2855
305500	2798
306000	2888
306500	2859
307000	2875
307500	2870
308000	2896
308500	2869
309000	2887
309500	2824
310000	2962
310500	2905
311000	2905
311500	2937
312000	2998
312500	2891
313000	2860
313500	2954
314000	2909
314500	2884
315000	2985
315500	2918
316000	2895
316500	2956
317000	3037
317500	2977
318000	2981
318500	2963
319000	2967
319500	2992
320000	2998
320500	3056
321000	2980
321500	3024
322000	2897
322500	3025
323000	3051
323500	2999
324000	3005
324500	3112
325000	2995
325500	2999
326000	3075
326500	3028
327000	3148
327500	3012
328000	2976
328500	3021
329000	3046
329500	3059
330000	3011
330500	2995
331000	2986
331500	2977
332000	3083
332500	3089
333000	3041
333500	3077
334000	3032
334500	3032
335000	3065
335500	3010
336000	3056
336500	3056
337000	2994
337500	3017
338000	3080
338500	3128
339000	3127
339500	3085
340000	3080
340500	3205
341000	3126
341500	2981
342000	3059
342500	3139
343000	3106
343500	3061
344000	3068
344500	3152
345000	3119
345500	2984
346000	3033
346500	3023
347000	3081
347500	3123
348000	3111
348500	3021
349000	3119
349500	3094
350000	3065
350500	3046
351000	3081
351500	3066
352000	3091
352500	3033
353000	3038
353500	3027
354000	3007
354500	3104
355000	3016
355500	2973
356000	3105
356500	3063
357000	2974
357500	2986
358000	3147
358500	2877
359000	3027
359500	3069
360000	2912
360500	3011
361000	2986
361500	2980
362000	2992
362500	3053
363000	3074
363500	2990
364000	2941
364500	3011
365000	2970
365500	2996
366000	3005
366500	2994
367000	2929
367500	2842
368000	2900
368500	2882
369000	2869
369500	2972
370000	2892
370500	2968
371000	2935
371500	2937
372000	2908
372500	2864
373000	2905
373500	2890
374000	2764
374500	2775
375000	2857
375500	2804
376000	2817
376500	2718
377000	2800
377500	2772
378000	2816
378500	2712
379000	2715
379500	2705
380000	2909
380500	2785
381000	2762
381500	2667
382000	2769
382500	2697
383000	2785
383500	2719
384000	2736
384500	2706
385000	2693
385500	2630
386000	2653
386500	2596
387000	2682
387500	2666
388000	2614
388500	2601
389000	2587
389500	2629
390000	2597
390500	2576
391000	2629
391500	2615
392000	2479
392500	2558
393000	2643
393500	2645
394000	2630
394500	2479
395000	2535
395500	2456
396000	2503
396500	2472
397000	2466
397500	2481
398000	2527
398500	2397
399000	2563
399500	2419
400000	2449
400500	2359
401000	2411
401500	2370
402000	2489
402500	2304
403000	2404
403500	2407
404000	2437
404500	2370
405000	2206
405500	2278
406000	2278
406500	2347
407000	2281
407500	2338
408000	2297
408500	2234
409000	2310
409500	2222
410000	2276
410500	2164
411000	2199
411500	2186
412000	2240
412500	2199
413000	2288
413500	2127
414000	2078
414500	2158
415000	2217
415500	2200
416000	2082
416500	2011
417000	2045
417500	2163
418000	2104
418500	1943
419000	2110
419500	2106
420000	2110
420500	2083
421000	2023
421500	2073
422000	2021
422500	1898
423000	2036
423500	1934
424000	1930
424500	1969
425000	2001
425500	1939
426000	1919
426500	1985
427000	2000
427500	1889
428000	1936
428500	1879
429000	1914
429500	1867
430000	1853
430500	1872
431000	1849
431500	1812
432000	1799
432500	1796
433000	1867
433500	1799
434000	1784
434500	1827
435000	1718
435500	1693
436000	1754
436500	1728
437000	1689
437500	1749
438000	1687
438500	1666
439000	1702
439500	1636
440000	1680
440500	1666
441000	1629
441500	1604
442000	1639
442500	1610
443000	1570
443500	1526
444000	1557
444500	1580
445000	1516
445500	1545
446000	1502
446500	1556
447000	1520
447500	1530
448000	1504
448500	1498
449000	1505
449500	1501
450000	1419
450500	1448
451000	1513
451500	1431
452000	1467
452500	1430
453000	1444
453500	1412
454000	1374
454500	1397
455000	1364
455500	1397
456000	1358
456500	1348
457000	1349
457500	1267
458000	1319
458500	1353
459000	1331
459500	1298
460000	1247
460500	1330
461000	1273
461500	1314
462000	1323
462500	1265
463000	1192
463500	1245
464000	1287
464500	1194
465000	1180
465500	1246
466000	1247
466500	1174
467000	1182
467500	1229
468000	1220
468500	1215
469000	1150
469500	1200
470000	1156
470500	1105
471000	1136
471500	1125
472000	1070
472500	1132
473000	1099
473500	1120
474000	1086
474500	1022
475000	1017
475500	1031
476000	1077
476500	1057
477000	1091
477500	1034
478000	1012
478500	1053
479000	990
479500	1019
480000	1003
480500	998
481000	995
481500	993
482000	1016
482500	965
483000	975
483500	941
484000	950
484500	959
485000	947
485500	941
486000	953
486500	918
487000	889
487500	933
488000	870
488500	911
489000	910
489500	918
490000	894
490500	886
491000	850
491500	812
492000	837
492500	912
493000	846
493500	833
494000	831
494500	845
495000	785
495500	813
496000	797
496500	803
497000	802
497500	787
498000	784
498500	740
499000	750
499500	747
500000	718
500500	734
501000	783
501500	721
502000	805
502500	751
503000	717
503500	739
504000	724
504500	711
505000	702
505500	729
506000	661
506500	676
507000	669
507500	651
508000	696
508500	666
509000	669
509500	701
510000	640
510500	650
511000	654
511500	654
512000	625
512500	615
513000	678
513500	628
514000	643
514500	632
515000	627
515500	580
516000	604
516500	591
517000	560
517500	580
518000	605
518500	560
519000	521
519500	587
520000	546
520500	550
521000	586
521500	556
522000	535
522500	555
523000	564
523500	533
524000	572
524500	545
525000	539
525500	526
526000	506
526500	505
527000	492
527500	481
528000	480
528500	461
529000	486
529500	453
530000	503
530500	445
531000	482
531500	485
532000	455
532500	429
533000	424
533500	414
534000	477
534500	441
535000	437
535500	454
536000	422
536500	414
537000	385
537500	416
538000	447
538500	421
539000	402
539500	379
540000	424
540500	396
541000	402
541500	366
542000	409
542500	380
543000	410
543500	393
544000	373
544500	392
545000	364
545500	350
546000	354
546500	359
547000	325
547500	333
548000	338
548500	352
549000	337
549500	336
550000	325
550500	359
551000	350
551500	366
552000	322
552500	348
553000	288
553500	316
554000	319
554500	317
555000	352
555500	321
556000	295
556500	313
557000	284
557500	309
558000	296
558500	285
559000	262
559500	297
560000	271
560500	280
561000	281
561500	257
562000	295
562500	264
563000	290
563500	298
564000	254
564500	255
565000	254
565500	249
566000	260
566500	258
567000	255
567500	235
568000	260
568500	256
569000	235
569500	232
570000	244
570500	226
571000	229
571500	248
572000	206
572500	234
573000	207
573500	215
574000	229
574500	210
575000	215
575500	204
576000	214
576500	210
577000	203
577500	188
578000	221
578500	212
579000	201
579500	199
580000	182
580500	208
581000	184
581500	191
582000	170
582500	197
583000	186
583500	206
584000	202
584500	155
585000	152
585500	141
586000	146
586500	159
587000	160
587500	176
588000	142
588500	175
589000	178
589500	148
590000	163
590500	142
591000	145
591500	168
592000	147
592500	167
593000	147
593500	139
594000	136
594500	160
595000	166
595500	126
596000	131
596500	114
597000	124
597500	134
598000	143
598500	129
599000	140
599500	126
600000	142
600500	110
601000	115
601500	144
602000	141
602500	100
603000	125
603500	135
604000	118
604500	119
605000	109
605500	130
606000	131
606500	105
607000	112
607500	106
608000	119
608500	133
609000	121
609500	96
610000	101
610500	93
611000	122
611500	106
612000	96
612500	101
613000	112
613500	90
614000	90
614500	94
615000	81
615500	91
616000	73
616500	88
617000	99
617500	77
618000	87
618500	81
619000	92
619500	97
620000	76
620500	94
621000	80
621500	80
622000	74
622500	65
623000	98
623500	73
624000	81
624500	97
625000	69
625500	75
626000	78
626500	79
627000	74
627500	65
628000	64
628500	72
629000	68
629500	58
630000	63
630500	57
631000	65
631500	57
632000	67
632500	71
633000	64
633500	67
634000	74
634500	60
635000	65
635500	54
636000	54
636500	54
637000	44
637500	59
638000	44
638500	52
639000	58
639500	56
640000	52
640500	49
641000	53
641500	60
642000	66
642500	45
643000	45
643500	39
644000	39
644500	46
645000	33
645500	55
646000	44
646500	42
647000	39
647500	48
648000	42
648500	50
649000	56
649500	46
650000	35
650500	40
651000	32
651500	37
652000	35
652500	37
653000	44
653500	28
654000	23
654500	36
655000	30
655500	37
656000	42
656500	32
657000	36
657500	24
658000	29
658500	28
659000	28
659500	19
660000	39
660500	33
661000	27
661500	37
662000	25
662500	26
663000	31
663500	33
664000	32
664500	26
665000	32
665500	32
666000	27
666500	32
667000	25
667500	30
668000	22
668500	30
669000	25
669500	24
670000	20
670500	18
671000	13
671500	17
672000	23
672500	23
673000	17
673500	24
674000	20
674500	22
675000	22
675500	15
676000	12
676500	20
677000	16
677500	15
678000	18
678500	22
679000	16
679500	23
680000	21
680500	17
681000	14
681500	13
682000	10
682500	13
683000	21
683500	14
684000	20
684500	17
685000	14
685500	18
686000	11
686500	19
687000	17
687500	17
688000	12
688500	12
689000	13
689500	10
690000	10
690500	21
691000	14
691500	12
692000	8
692500	17
693000	7
693500	12
694000	18
694500	8
695000	10
695500	12
696000	11
696500	9
697000	9
697500	18
698000	9
698500	5
699000	12
699500	10
700000	10
700500	13
701000	9
701500	14
702000	8
702500	9
703000	7
703500	9
704000	5
704500	10
705000	6
705500	12
706000	11
706500	6
707000	6
707500	13
708000	8
708500	6
709000	10
709500	6
710000	10
710500	3
711000	8
711500	4
712000	7
712500	7
713000	3
713500	7
714000	9
714500	6
715000	4
715500	9
716000	9
716500	6
717000	5
717500	4
718000	8
718500	5
719000	5
719500	3
720000	6
720500	3
721000	5
721500	1
722000	6
722500	6
723000	6
723500	6
724000	6
724500	5
725000	4
726000	2
726500	5
727000	8
727500	1
728000	4
728500	1
729000	6
729500	4
730000	3
730500	3
731000	3
731500	3
732000	3
732500	1
733000	3
733500	6
734000	2
734500	4
735000	1
735500	4
736000	5
736500	2
737000	6
737500	5
738000	2
738500	1
739000	2
739500	1
740000	5
740500	4
741000	3
741500	2
742000	2
742500	5
743000	2
743500	3
744000	2
744500	2
745000	2
745500	4
746000	4
747000	1
747500	1
748000	4
749000	4
749500	3
750000	4
750500	2
751000	2
751500	2
752000	2
752500	2
753500	3
754000	1
754500	1
755000	3
756000	3
756500	2
757000	2
758000	4
758500	1
759000	1
759500	3
760000	1
760500	1
761000	1
761500	5
762000	3
762500	1
763000	1
763500	2
764000	2
764500	1
765000	2
766000	1
766500	3
767000	1
767500	1
769500	2
770000	2
770500	2
771000	1
772000	1
772500	1
773000	2
773500	1
774000	1
774500	1
776500	1
777000	2
777500	1
778500	1
779000	1
779500	2
780000	1
780500	1
781500	2
782000	1
782500	1
783000	2
785000	1
789000	1
789500	1
790000	1
794500	1
797500	1
798500	2
799500	1
800000	1
800500	2
801000	2
802000	2
803000	1
804000	1
806000	1
807000	1
808500	1
809500	1
812000	2
813000	2
813500	1
817500	1
819000	1
819500	1
821000	2
826000	1
826500	1
829500	1
830000	1
835500	1
841500	1
843500	1
844500	2
845500	1
847500	1
856000	1
856500	1
858000	1
880500	1
881500	1
888500	1
896000	1
997000	1
1086500	1
1106500	1
1278500	1
1299500	1
1318000	1
1354500	1
1377500	1
1392000	1
1394000	1
1398000	1
1402500	1
1404000	1
1428500	1
1430000	1
1433000	1
1437000	1
1446000	1
1453500	1
1470000	1
1478000	1
1482500	1
1489500	1
1490500	1
1492000	1
1507500	1
1509500	1
1534000	1
1543500	1
1548000	1
1551500	1
1562500	1
1586000	1
1591500	1
1597500	1
1615000	1
1639000	1
1643500	1
1646000	1
1650000	1
1652000	1
1657500	1
1670000	1
1670500	1
1672000	1
1672500	2
1674500	1
1686000	1
1688500	1
1689000	1
1690500	1
1698000	1
1701000	1
1702000	1
1710000	1
1712500	1
1719000	1
1723500	1
1725000	1
1727000	1
1730500	1
1733500	1
1735500	1
1737500	1
1747000	1
1750000	1
1760000	1
1761500	1
1765500	1
1766000	1
1768000	1
1770000	1
1777500	1
1781000	1
1786000	1
1789000	1
1793000	1
1796500	1
1805000	1
1805500	1
1814500	1
1819500	1
1832000	1
1833500	1
1845500	1
1863500	1
1865000	1
1865500	1
1866000	2
1868000	1
1871000	1
1872500	1
1876500	1
1893500	1
1894000	1
1898500	1
1902500	1
1930000	1
1935000	1
1938000	1
1939500	1
1960500	1
2035500	1
2063000	1
2121500	1
2125500	1
2143500	1
2146500	1
2171500	1
2175500	1
2224000	1
2254000	1
2261500	1
2281500	1
2321500	1
2328500	1
2340500	1
2357500	1
2360000	1
2369500	1
2372000	1
2375500	1
2376500	1
2381000	1
2382500	1
2384000	1
2400000	1
2403500	1
2404500	1
2407500	1
2411000	1
2417000	1
2426500	1
2427500	1
2429500	1
2433000	2
2436500	1
2439000	1
2439500	1
2441500	1
2442000	1
2444000	1
2448000	1
2448500	1
2450000	1
2461000	1
2467000	1
2469000	1
2472500	1
2476000	1
2479000	1
2484500	1
2485000	1
2486500	1
2488000	2
2492500	1
2497000	1
2500500	1
2503500	1
2504000	1
2504500	1
2505000	1
2506000	1
2507000	1
2511500	1
2514500	1
2519000	1
2520000	1
2520500	1
2522000	1
2523000	2
2526500	1
2528000	1
2529000	1
2538000	1
2543500	1
2545000	1
2549500	1
2551500	1
2552500	1
2564000	1
2567000	1
2571500	1
2576000	2
2586000	1
2588000	1
2588500	1
2591000	1
2600000	1
2603000	1
2613500	2
2618500	1
2638500	1
2655500	1
2664500	1
2677500	1
2784500	1
